11 649 1.0
25 28 1.0
51 1032 1.0
54 1635 1.0
140 1630 1.0
343 912 1.0
360 1727 1.0
381 382 1.0
440 468 1.0
469 473 1.0
486 488 1.0
500 4197 1.0
558 1870 1.0
580 1165 1.0
655 2113 1.0
665 4669 1.0
676 677 1.0
801 2873 1.0
830 833 1.0
846 3880 1.0
861 3846 1.0
884 2762 1.0
884 4555 1.0
945 948 1.0
958 2277 1.0
1004 1009 1.0
1089 3978 1.0
1129 3258 1.0
1139 1141 1.0
1227 1896 1.0
1247 2199 1.0
1259 3034 1.0
1330 2494 1.0
1387 3519 1.0
1472 1474 1.0
1511 1515 1.0
1634 4833 1.0
1694 1729 1.0
1718 2461 1.0
1885 3580 1.0
1943 1945 1.0
2042 2563 1.0
2068 2559 1.0
2124 2132 1.0
2204 2215 1.0
2473 2476 1.0
2489 3150 1.0
2545 2546 1.0
2563 3737 1.0
2641 2642 1.0
2702 2704 1.0
2734 3217 1.0
2769 2771 1.0
2895 2897 1.0
2964 2965 1.0
3005 3521 1.0
3034 3561 1.0
3115 4149 1.0
3166 4466 1.0
3295 3433 1.0
3357 3359 1.0
3446 4739 1.0
3630 4140 1.0
3709 4220 1.0
3850 4735 1.0
3912 3913 1.0
4175 4176 1.0
4224 4245 1.0
4368 4369 1.0
4393 4892 1.0
4477 4972 1.0
4876 4878 1.0
4940 4941 1.0
3 2790 2.0
5 4391 2.0
7 4573 2.0
12 3850 2.0
26 3962 2.0
29 3645 2.0
41 2090 2.0
49 888 2.0
50 3429 2.0
51 3534 2.0
69 2452 2.0
75 983 2.0
75 2739 2.0
96 1623 2.0
98 2085 2.0
116 3671 2.0
117 121 2.0
121 123 2.0
134 1134 2.0
137 1021 2.0
145 975 2.0
160 277 2.0
193 204 2.0
194 891 2.0
195 2490 2.0
206 3786 2.0
209 2194 2.0
221 643 2.0
254 1898 2.0
278 279 2.0
293 4525 2.0
322 4869 2.0
331 2860 2.0
349 1216 2.0
365 3081 2.0
410 1430 2.0
411 413 2.0
416 420 2.0
434 2467 2.0
434 4210 2.0
440 2930 2.0
444 2857 2.0
458 2427 2.0
480 1297 2.0
486 1243 2.0
489 4858 2.0
498 992 2.0
523 1077 2.0
530 938 2.0
541 4256 2.0
552 577 2.0
562 1844 2.0
578 1700 2.0
595 2493 2.0
607 3288 2.0
609 3483 2.0
653 4511 2.0
657 2304 2.0
731 1168 2.0
753 2146 2.0
795 1586 2.0
824 3898 2.0
827 4677 2.0
831 3467 2.0
844 3780 2.0
860 1287 2.0
882 883 2.0
883 4393 2.0
924 3581 2.0
948 2266 2.0
955 4127 2.0
957 2598 2.0
971 3222 2.0
1002 3997 2.0
1007 1017 2.0
1034 2030 2.0
1043 2968 2.0
1096 1098 2.0
1115 4738 2.0
1119 4947 2.0
1127 4769 2.0
1157 4404 2.0
1163 4744 2.0
1167 4464 2.0
1169 1274 2.0
1177 2315 2.0
1178 4412 2.0
1179 1186 2.0
1189 2166 2.0
1191 4521 2.0
1193 4226 2.0
1205 2851 2.0
1259 1866 2.0
1260 1558 2.0
1266 3940 2.0
1279 2989 2.0
1292 3376 2.0
1296 2253 2.0
1303 4549 2.0
1314 2658 2.0
1338 3193 2.0
1366 2980 2.0
1375 2993 2.0
1431 4620 2.0
1439 2623 2.0
1446 2438 2.0
1446 3984 2.0
1449 2637 2.0
1465 2284 2.0
1483 2175 2.0
1503 3888 2.0
1505 1879 2.0
1510 1511 2.0
1514 2619 2.0
1536 3949 2.0
1538 4965 2.0
1539 3412 2.0
1557 2928 2.0
1557 4043 2.0
1562 1564 2.0
1577 2708 2.0
1607 3678 2.0
1678 4845 2.0
1703 3571 2.0
1725 2649 2.0
1749 1751 2.0
1757 3078 2.0
1786 4477 2.0
1813 1817 2.0
1817 3129 2.0
1817 3447 2.0
1834 4930 2.0
1861 2034 2.0
1871 2231 2.0
1884 1885 2.0
1916 3120 2.0
1927 3108 2.0
1932 1933 2.0
1949 2445 2.0
1977 3746 2.0
1977 4656 2.0
2027 2151 2.0
2036 2639 2.0
2043 2414 2.0
2064 2067 2.0
2081 4176 2.0
2085 4481 2.0
2089 3295 2.0
2115 2117 2.0
2132 2224 2.0
2179 3544 2.0
2187 3728 2.0
2192 3563 2.0
2212 3735 2.0
2232 2234 2.0
2247 2983 2.0
2281 2284 2.0
2287 3572 2.0
2294 3528 2.0
2341 4198 2.0
2353 2356 2.0
2373 4732 2.0
2389 3311 2.0
2405 3282 2.0
2485 3045 2.0
2494 4387 2.0
2510 4368 2.0
2652 3227 2.0
2699 2700 2.0
2761 4697 2.0
2768 4680 2.0
2787 3343 2.0
2789 2793 2.0
2832 3268 2.0
2844 4612 2.0
2846 3883 2.0
2880 4245 2.0
2896 2898 2.0
2925 3339 2.0
2947 2999 2.0
2957 3531 2.0
2959 3566 2.0
2992 3516 2.0
2992 4634 2.0
3005 4215 2.0
3011 4249 2.0
3016 4682 2.0
3019 3471 2.0
3070 3073 2.0
3085 3610 2.0
3102 4451 2.0
3109 4331 2.0
3136 4532 2.0
3141 4329 2.0
3175 3395 2.0
3187 4416 2.0
3191 4668 2.0
3193 4659 2.0
3267 4457 2.0
3344 4284 2.0
3347 4106 2.0
3390 4543 2.0
3392 3482 2.0
3398 4619 2.0
3504 4659 2.0
3585 3799 2.0
3606 4798 2.0
3611 4928 2.0
3632 3640 2.0
3737 4884 2.0
3748 4896 2.0
3766 4854 2.0
3792 4779 2.0
3856 3858 2.0
3887 4564 2.0
3889 3903 2.0
3988 4702 2.0
3993 4823 2.0
4005 4756 2.0
4008 4020 2.0
4055 4493 2.0
4234 4236 2.0
4270 4633 2.0
4349 4351 2.0
4351 4823 2.0
4455 4459 2.0
4575 4614 2.0
4747 4831 2.0
4937 4977 2.0
7 214 3.0
11 3681 3.0
19 2953 3.0
23 3646 3.0
26 2807 3.0
27 2699 3.0
38 1033 3.0
82 1147 3.0
83 4564 3.0
86 2789 3.0
87 902 3.0
89 4074 3.0
102 2847 3.0
107 2017 3.0
109 1570 3.0
121 4789 3.0
125 1966 3.0
127 1953 3.0
134 402 3.0
135 1621 3.0
141 1072 3.0
146 1119 3.0
154 461 3.0
157 2636 3.0
163 4021 3.0
169 4588 3.0
183 2034 3.0
184 4392 3.0
196 4411 3.0
202 3907 3.0
219 227 3.0
219 3298 3.0
232 3071 3.0
246 3218 3.0
251 3024 3.0
263 978 3.0
263 2202 3.0
283 4409 3.0
295 644 3.0
295 3413 3.0
300 2883 3.0
301 303 3.0
301 3517 3.0
305 2392 3.0
314 4480 3.0
332 4384 3.0
338 1478 3.0
338 3881 3.0
354 1241 3.0
355 2555 3.0
365 2699 3.0
367 4151 3.0
371 4855 3.0
376 3197 3.0
379 2812 3.0
386 3267 3.0
400 4867 3.0
406 2724 3.0
410 2463 3.0
411 2774 3.0
424 3297 3.0
432 2226 3.0
444 1161 3.0
444 3234 3.0
463 4449 3.0
466 2164 3.0
469 977 3.0
472 657 3.0
474 3124 3.0
475 2957 3.0
484 4164 3.0
484 4976 3.0
498 938 3.0
508 2695 3.0
533 4067 3.0
555 2447 3.0
568 2610 3.0
573 4658 3.0
585 2977 3.0
592 1294 3.0
595 4098 3.0
596 3591 3.0
598 4781 3.0
601 4905 3.0
613 4776 3.0
616 1767 3.0
624 3673 3.0
632 1218 3.0
641 1484 3.0
647 1725 3.0
648 2106 3.0
705 3869 3.0
705 4743 3.0
707 2168 3.0
710 2220 3.0
720 3886 3.0
725 985 3.0
725 1717 3.0
727 1167 3.0
733 2274 3.0
734 3376 3.0
735 1893 3.0
735 1945 3.0
738 4410 3.0
747 4767 3.0
749 2695 3.0
773 3743 3.0
780 2463 3.0
780 3481 3.0
799 4630 3.0
804 3405 3.0
827 831 3.0
837 839 3.0
843 4276 3.0
851 2168 3.0
851 2312 3.0
867 1579 3.0
894 2211 3.0
909 4599 3.0
920 1660 3.0
927 3256 3.0
959 3337 3.0
960 3356 3.0
971 1752 3.0
979 2688 3.0
981 4027 3.0
1004 2641 3.0
1007 1534 3.0
1011 4110 3.0
1014 3224 3.0
1019 3303 3.0
1020 1565 3.0
1023 4702 3.0
1024 1570 3.0
1029 3440 3.0
1033 4247 3.0
1040 2939 3.0
1046 3966 3.0
1047 1253 3.0
1049 3915 3.0
1051 1120 3.0
1057 2035 3.0
1059 1248 3.0
1072 4338 3.0
1079 4341 3.0
1091 3090 3.0
1112 3514 3.0
1116 1890 3.0
1118 3480 3.0
1121 4906 3.0
1124 2426 3.0
1127 1594 3.0
1135 3462 3.0
1149 4805 3.0
1168 1542 3.0
1195 3552 3.0
1203 4843 3.0
1211 4960 3.0
1217 3110 3.0
1219 1327 3.0
1224 3328 3.0
1238 3698 3.0
1246 1531 3.0
1282 1664 3.0
1294 4679 3.0
1299 4165 3.0
1305 3068 3.0
1315 2299 3.0
1323 3430 3.0
1338 2109 3.0
1358 3858 3.0
1359 2185 3.0
1373 3637 3.0
1383 2735 3.0
1383 4111 3.0
1399 2488 3.0
1400 1981 3.0
1439 1449 3.0
1469 2702 3.0
1478 4963 3.0
1487 1913 3.0
1487 4630 3.0
1502 3561 3.0
1503 1504 3.0
1527 2215 3.0
1534 1805 3.0
1536 1538 3.0
1542 3337 3.0
1543 4774 3.0
1543 4973 3.0
1553 4630 3.0
1557 2546 3.0
1563 3707 3.0
1578 2605 3.0
1596 3094 3.0
1598 3405 3.0
1630 1985 3.0
1633 2822 3.0
1644 4012 3.0
1648 4830 3.0
1687 2441 3.0
1688 2651 3.0
1725 4550 3.0
1745 3924 3.0
1749 2408 3.0
1751 2676 3.0
1764 2519 3.0
1771 1874 3.0
1774 1944 3.0
1774 4175 3.0
1813 1944 3.0
1816 2750 3.0
1820 3849 3.0
1913 4794 3.0
1927 3867 3.0
1935 2684 3.0
1937 2871 3.0
1978 3006 3.0
1991 2435 3.0
2013 2320 3.0
2018 2021 3.0
2058 4021 3.0
2060 4844 3.0
2082 2087 3.0
2094 2822 3.0
2106 3980 3.0
2141 3026 3.0
2168 2477 3.0
2174 4885 3.0
2175 3102 3.0
2205 4062 3.0
2206 4760 3.0
2210 4229 3.0
2217 2528 3.0
2218 2601 3.0
2220 2227 3.0
2242 3611 3.0
2247 4336 3.0
2249 3994 3.0
2253 2524 3.0
2258 4927 3.0
2276 4956 3.0
2281 3311 3.0
2281 4462 3.0
2290 3690 3.0
2292 2954 3.0
2327 3833 3.0
2339 2361 3.0
2342 3049 3.0
2348 2490 3.0
2367 4446 3.0
2378 3843 3.0
2396 2398 3.0
2428 4730 3.0
2436 3918 3.0
2448 2620 3.0
2449 4526 3.0
2451 3547 3.0
2461 4606 3.0
2476 3072 3.0
2483 3858 3.0
2498 4769 3.0
2506 3443 3.0
2520 3568 3.0
2525 4527 3.0
2528 4919 3.0
2536 2800 3.0
2551 4908 3.0
2562 3780 3.0
2586 3176 3.0
2607 3837 3.0
2608 3553 3.0
2616 4726 3.0
2634 4464 3.0
2654 3308 3.0
2663 4932 3.0
2676 4920 3.0
2681 3505 3.0
2683 4572 3.0
2692 4766 3.0
2704 3257 3.0
2716 4205 3.0
2738 4396 3.0
2755 3436 3.0
2786 3140 3.0
2788 4633 3.0
2807 3628 3.0
2818 4425 3.0
2824 3706 3.0
2840 4960 3.0
2843 3534 3.0
2849 4282 3.0
2893 4046 3.0
2907 3788 3.0
2908 3972 3.0
2928 2932 3.0
2946 3976 3.0
2959 3424 3.0
2968 2969 3.0
2996 3896 3.0
2999 4363 3.0
3008 4771 3.0
3042 4267 3.0
3054 4281 3.0
3090 4265 3.0
3098 3951 3.0
3187 3412 3.0
3217 4010 3.0
3223 4889 3.0
3226 4828 3.0
3249 4437 3.0
3250 4851 3.0
3291 4253 3.0
3335 3978 3.0
3345 3363 3.0
3350 3681 3.0
3355 3832 3.0
3359 4972 3.0
3363 4781 3.0
3376 3379 3.0
3390 3904 3.0
3399 3626 3.0
3449 3951 3.0
3497 4001 3.0
3506 4351 3.0
3521 3524 3.0
3550 4596 3.0
3558 4254 3.0
3611 3762 3.0
3614 4227 3.0
3643 3771 3.0
3655 4168 3.0
3732 4015 3.0
3775 4454 3.0
3778 4535 3.0
3779 4104 3.0
3825 3950 3.0
3829 4183 3.0
3831 3833 3.0
3831 4918 3.0
3882 3908 3.0
3883 4487 3.0
3904 4126 3.0
3932 3935 3.0
3935 4385 3.0
3955 3982 3.0
4016 4532 3.0
4040 4042 3.0
4040 4903 3.0
4053 4518 3.0
4077 4440 3.0
4085 4643 3.0
4091 4376 3.0
4095 4101 3.0
4292 4557 3.0
4400 4786 3.0
4460 4855 3.0
4643 4832 3.0
4655 4709 3.0
4855 4919 3.0
4901 4922 3.0
2 4098 4.0
3 3260 4.0
5 3504 4.0
6 1903 4.0
10 4600 4.0
10 4644 4.0
21 3718 4.0
24 2129 4.0
29 2070 4.0
35 3147 4.0
49 662 4.0
49 1978 4.0
53 1908 4.0
54 1345 4.0
62 4841 4.0
65 1135 4.0
65 4417 4.0
69 2063 4.0
74 2671 4.0
91 1101 4.0
91 3955 4.0
91 4123 4.0
97 1436 4.0
97 2042 4.0
98 2735 4.0
99 2558 4.0
108 1407 4.0
115 1952 4.0
118 2582 4.0
123 2925 4.0
126 4534 4.0
127 2600 4.0
131 1378 4.0
138 933 4.0
140 156 4.0
141 2896 4.0
148 3974 4.0
154 2427 4.0
156 1525 4.0
160 3771 4.0
173 3056 4.0
185 1703 4.0
185 3034 4.0
188 1871 4.0
188 2586 4.0
188 3699 4.0
194 1025 4.0
199 731 4.0
207 320 4.0
208 655 4.0
210 3426 4.0
212 959 4.0
218 2882 4.0
240 549 4.0
246 2216 4.0
247 4152 4.0
259 1532 4.0
262 4968 4.0
264 1766 4.0
270 748 4.0
274 1979 4.0
276 380 4.0
282 4795 4.0
285 606 4.0
285 1260 4.0
290 2854 4.0
292 4924 4.0
301 3708 4.0
311 3018 4.0
314 2191 4.0
315 4082 4.0
317 2320 4.0
317 3017 4.0
323 4576 4.0
345 4848 4.0
360 770 4.0
362 4312 4.0
366 484 4.0
366 3136 4.0
368 1903 4.0
372 4349 4.0
375 3451 4.0
379 2695 4.0
386 3916 4.0
387 4526 4.0
396 3667 4.0
397 3497 4.0
399 4746 4.0
400 1864 4.0
402 4090 4.0
407 1858 4.0
408 3340 4.0
412 1462 4.0
421 3813 4.0
429 3552 4.0
429 4288 4.0
430 4827 4.0
436 994 4.0
438 1406 4.0
446 1258 4.0
453 1095 4.0
453 3100 4.0
456 1127 4.0
471 1869 4.0
478 3288 4.0
480 2422 4.0
483 1616 4.0
486 2647 4.0
502 2540 4.0
508 4628 4.0
516 625 4.0
523 1068 4.0
536 3188 4.0
536 4150 4.0
540 2013 4.0
567 1940 4.0
575 3162 4.0
580 3418 4.0
583 2471 4.0
583 4284 4.0
594 1432 4.0
595 3390 4.0
609 2932 4.0
613 4553 4.0
616 1366 4.0
620 4675 4.0
634 3252 4.0
647 2101 4.0
656 2534 4.0
657 4290 4.0
662 2471 4.0
667 1681 4.0
669 2457 4.0
671 3645 4.0
681 730 4.0
687 2712 4.0
689 4828 4.0
695 1603 4.0
701 4600 4.0
709 3490 4.0
711 4283 4.0
720 3458 4.0
728 2848 4.0
730 1638 4.0
737 3834 4.0
738 1557 4.0
743 2050 4.0
743 4321 4.0
757 2642 4.0
758 4734 4.0
769 3194 4.0
772 1934 4.0
791 3832 4.0
796 1155 4.0
803 997 4.0
803 1128 4.0
803 3242 4.0
804 2246 4.0
805 4292 4.0
806 3463 4.0
813 2818 4.0
827 4850 4.0
832 1517 4.0
832 2809 4.0
838 2587 4.0
838 4340 4.0
843 1877 4.0
849 3133 4.0
852 1570 4.0
855 4623 4.0
858 1362 4.0
879 4071 4.0
892 4748 4.0
894 1748 4.0
894 3657 4.0
897 1111 4.0
902 1130 4.0
910 1222 4.0
910 2123 4.0
922 2400 4.0
922 3175 4.0
923 4716 4.0
928 1712 4.0
929 1609 4.0
930 1526 4.0
935 1340 4.0
939 3303 4.0
939 3307 4.0
947 2866 4.0
947 3908 4.0
949 3736 4.0
951 1411 4.0
985 4485 4.0
996 3312 4.0
996 4889 4.0
1010 1858 4.0
1010 4716 4.0
1028 2028 4.0
1032 3980 4.0
1047 1072 4.0
1053 3739 4.0
1063 2026 4.0
1069 4232 4.0
1070 3481 4.0
1115 1942 4.0
1117 4465 4.0
1123 1692 4.0
1129 3188 4.0
1131 1376 4.0
1138 1606 4.0
1144 3675 4.0
1146 3119 4.0
1156 1832 4.0
1156 2562 4.0
1159 4289 4.0
1164 4114 4.0
1168 1443 4.0
1181 4652 4.0
1188 2019 4.0
1188 3836 4.0
1189 4487 4.0
1201 1505 4.0
1204 1856 4.0
1205 1506 4.0
1209 1452 4.0
1209 2446 4.0
1223 3484 4.0
1226 3402 4.0
1233 1734 4.0
1243 2483 4.0
1252 3374 4.0
1254 4079 4.0
1260 4850 4.0
1262 1539 4.0
1275 1714 4.0
1277 1913 4.0
1293 3577 4.0
1301 4091 4.0
1302 4266 4.0
1308 2170 4.0
1323 4001 4.0
1327 3446 4.0
1347 3236 4.0
1352 2061 4.0
1361 3369 4.0
1378 4108 4.0
1378 4976 4.0
1381 2071 4.0
1386 4354 4.0
1392 3070 4.0
1393 3866 4.0
1396 2217 4.0
1411 4755 4.0
1417 4812 4.0
1423 2226 4.0
1432 2972 4.0
1439 4940 4.0
1441 2773 4.0
1444 4959 4.0
1445 4046 4.0
1455 3365 4.0
1474 1752 4.0
1479 3250 4.0
1484 2344 4.0
1488 1824 4.0
1497 2481 4.0
1500 4837 4.0
1501 2846 4.0
1513 2261 4.0
1514 1811 4.0
1523 2689 4.0
1527 3943 4.0
1536 1967 4.0
1541 4539 4.0
1542 1590 4.0
1548 2584 4.0
1556 2459 4.0
1566 3730 4.0
1574 2205 4.0
1574 4316 4.0
1587 3201 4.0
1592 4483 4.0
1593 4520 4.0
1600 4954 4.0
1603 2768 4.0
1604 2244 4.0
1612 2772 4.0
1615 2251 4.0
1621 3432 4.0
1641 4203 4.0
1642 2911 4.0
1644 1935 4.0
1645 4061 4.0
1656 3471 4.0
1656 4748 4.0
1665 1668 4.0
1668 3354 4.0
1702 4586 4.0
1709 4084 4.0
1709 4171 4.0
1714 2095 4.0
1750 2574 4.0
1763 1770 4.0
1763 1932 4.0
1763 4719 4.0
1772 4150 4.0
1781 2805 4.0
1784 2807 4.0
1794 2290 4.0
1800 3294 4.0
1800 4108 4.0
1810 1813 4.0
1817 3390 4.0
1826 2094 4.0
1835 3527 4.0
1835 4177 4.0
1837 3402 4.0
1839 2647 4.0
1863 2259 4.0
1878 2106 4.0
1900 2638 4.0
1912 4233 4.0
1919 3293 4.0
1920 1927 4.0
1920 2760 4.0
1931 4443 4.0
1945 3623 4.0
1972 3112 4.0
1992 2470 4.0
1992 3293 4.0
2024 4844 4.0
2027 2753 4.0
2049 4344 4.0
2055 2840 4.0
2060 3236 4.0
2072 3229 4.0
2077 4919 4.0
2080 2488 4.0
2083 3030 4.0
2085 2101 4.0
2086 3526 4.0
2100 4768 4.0
2102 3551 4.0
2103 3345 4.0
2114 3641 4.0
2114 4259 4.0
2115 2350 4.0
2124 4366 4.0
2129 4776 4.0
2134 2223 4.0
2134 2320 4.0
2153 2318 4.0
2153 3360 4.0
2159 4160 4.0
2161 2730 4.0
2191 4466 4.0
2211 3622 4.0
2212 2499 4.0
2223 3219 4.0
2230 3767 4.0
2230 4417 4.0
2232 3592 4.0
2233 4248 4.0
2241 3995 4.0
2244 4439 4.0
2245 3850 4.0
2259 2513 4.0
2280 3526 4.0
2287 3731 4.0
2299 3654 4.0
2303 3391 4.0
2303 3614 4.0
2308 2316 4.0
2316 3548 4.0
2317 3370 4.0
2324 3357 4.0
2327 4599 4.0
2331 4563 4.0
2355 3868 4.0
2359 2882 4.0
2375 3921 4.0
2385 2995 4.0
2397 4838 4.0
2404 4471 4.0
2408 4262 4.0
2450 4823 4.0
2452 4832 4.0
2466 3979 4.0
2479 3541 4.0
2492 3643 4.0
2492 4423 4.0
2510 4384 4.0
2517 2827 4.0
2526 2531 4.0
2527 4762 4.0
2541 4760 4.0
2554 4474 4.0
2556 4915 4.0
2576 2580 4.0
2591 3114 4.0
2620 3710 4.0
2652 4634 4.0
2680 4361 4.0
2686 4298 4.0
2688 4470 4.0
2695 3620 4.0
2711 4016 4.0
2715 3775 4.0
2727 3267 4.0
2730 3328 4.0
2734 4237 4.0
2817 3909 4.0
2820 4753 4.0
2830 3667 4.0
2850 4492 4.0
2870 4423 4.0
2875 4519 4.0
2881 4382 4.0
2902 3520 4.0
2904 4804 4.0
2905 3209 4.0
2914 4643 4.0
2924 4053 4.0
2933 3153 4.0
2935 3191 4.0
2954 4452 4.0
2965 2992 4.0
2969 4237 4.0
3019 4783 4.0
3035 3884 4.0
3036 3071 4.0
3036 3903 4.0
3046 3480 4.0
3052 4676 4.0
3093 3918 4.0
3098 4459 4.0
3099 3111 4.0
3107 4584 4.0
3112 3348 4.0
3118 3437 4.0
3131 3714 4.0
3142 4380 4.0
3182 4035 4.0
3185 4577 4.0
3190 3530 4.0
3205 4384 4.0
3226 3229 4.0
3230 4706 4.0
3234 3958 4.0
3244 3783 4.0
3244 4705 4.0
3261 4653 4.0
3269 4414 4.0
3341 3353 4.0
3353 4250 4.0
3359 4116 4.0
3362 4469 4.0
3368 4694 4.0
3371 3677 4.0
3386 4866 4.0
3407 3417 4.0
3409 3730 4.0
3412 4581 4.0
3416 3580 4.0
3426 3684 4.0
3452 4137 4.0
3480 4384 4.0
3487 4471 4.0
3502 4834 4.0
3504 4258 4.0
3507 4937 4.0
3543 4538 4.0
3603 4667 4.0
3650 3775 4.0
3710 3717 4.0
3726 4897 4.0
3738 3806 4.0
3752 4495 4.0
3753 4706 4.0
3803 4910 4.0
3806 3888 4.0
3842 4433 4.0
3852 4770 4.0
3869 4390 4.0
3875 4601 4.0
3895 4938 4.0
3971 4571 4.0
3973 4431 4.0
3983 4132 4.0
3989 4750 4.0
3995 4320 4.0
4017 4317 4.0
4040 4044 4.0
4043 4946 4.0
4056 4707 4.0
4108 4123 4.0
4111 4206 4.0
4123 4126 4.0
4142 4457 4.0
4143 4631 4.0
4151 4170 4.0
4161 4505 4.0
4172 4547 4.0
4262 4703 4.0
4307 4624 4.0
4345 4707 4.0
4348 4527 4.0
4356 4487 4.0
4403 4928 4.0
4421 4980 4.0
4649 4859 4.0
4674 4882 4.0
7 3694 5.0
9 2679 5.0
14 747 5.0
21 3455 5.0
22 3149 5.0
27 3520 5.0
31 435 5.0
31 941 5.0
31 4359 5.0
47 2140 5.0
52 596 5.0
55 212 5.0
61 1425 5.0
63 1933 5.0
65 1314 5.0
70 726 5.0
72 3073 5.0
74 1487 5.0
75 84 5.0
83 1774 5.0
83 2111 5.0
83 3176 5.0
84 1838 5.0
87 2614 5.0
91 3270 5.0
98 3788 5.0
104 514 5.0
105 1408 5.0
109 2435 5.0
111 1779 5.0
117 909 5.0
117 3838 5.0
122 899 5.0
135 892 5.0
144 1821 5.0
147 3412 5.0
148 2693 5.0
153 1036 5.0
166 2255 5.0
167 356 5.0
168 2326 5.0
169 1625 5.0
174 493 5.0
176 4322 5.0
181 4880 5.0
183 3141 5.0
188 3716 5.0
190 1374 5.0
190 1586 5.0
194 1048 5.0
194 4338 5.0
195 221 5.0
195 4641 5.0
198 1953 5.0
199 2446 5.0
201 2005 5.0
212 3338 5.0
212 3524 5.0
221 1494 5.0
241 1928 5.0
242 2073 5.0
243 1146 5.0
249 780 5.0
259 3643 5.0
268 2430 5.0
278 4914 5.0
280 1426 5.0
281 341 5.0
285 292 5.0
287 3132 5.0
292 587 5.0
312 1144 5.0
312 4055 5.0
314 4172 5.0
315 1651 5.0
318 1393 5.0
336 1814 5.0
338 628 5.0
342 2177 5.0
354 3458 5.0
356 4420 5.0
357 1163 5.0
357 1793 5.0
363 4346 5.0
376 4173 5.0
382 1905 5.0
386 707 5.0
387 1744 5.0
389 622 5.0
390 2426 5.0
400 3575 5.0
409 2339 5.0
411 3459 5.0
419 2220 5.0
427 4960 5.0
430 1559 5.0
434 4288 5.0
436 1448 5.0
437 1289 5.0
453 4670 5.0
460 1962 5.0
472 1911 5.0
476 3364 5.0
492 3492 5.0
499 3925 5.0
500 1205 5.0
504 908 5.0
507 629 5.0
513 2464 5.0
515 1053 5.0
515 1857 5.0
519 3361 5.0
521 3273 5.0
524 3521 5.0
525 1011 5.0
525 2246 5.0
526 662 5.0
536 1308 5.0
536 3699 5.0
537 4319 5.0
547 3383 5.0
555 4698 5.0
567 4549 5.0
572 4558 5.0
575 1564 5.0
577 4638 5.0
583 3416 5.0
597 727 5.0
602 3336 5.0
603 4784 5.0
615 3082 5.0
621 765 5.0
621 1336 5.0
625 4485 5.0
627 3831 5.0
630 1060 5.0
636 2212 5.0
638 3537 5.0
643 1852 5.0
647 2905 5.0
649 2449 5.0
655 4661 5.0
656 1800 5.0
665 1172 5.0
672 3709 5.0
673 3453 5.0
679 3802 5.0
681 3157 5.0
684 1883 5.0
684 3973 5.0
686 1924 5.0
701 3464 5.0
703 4206 5.0
706 2275 5.0
707 1488 5.0
711 1383 5.0
711 2999 5.0
711 3891 5.0
718 1717 5.0
718 2825 5.0
718 4402 5.0
728 759 5.0
728 2206 5.0
728 4369 5.0
741 1887 5.0
741 2198 5.0
741 3691 5.0
752 4952 5.0
756 769 5.0
759 3184 5.0
761 1721 5.0
761 2388 5.0
765 977 5.0
772 2626 5.0
793 3474 5.0
795 1538 5.0
795 4782 5.0
797 2882 5.0
798 3197 5.0
804 1277 5.0
813 860 5.0
814 1137 5.0
814 1848 5.0
815 1087 5.0
824 841 5.0
837 3487 5.0
838 2820 5.0
839 3402 5.0
842 3559 5.0
843 1098 5.0
844 2287 5.0
844 2410 5.0
851 1644 5.0
856 2190 5.0
858 1501 5.0
864 962 5.0
867 1222 5.0
870 3515 5.0
878 1229 5.0
878 3028 5.0
882 2545 5.0
883 905 5.0
890 1865 5.0
890 3347 5.0
894 3580 5.0
899 3199 5.0
906 4833 5.0
907 3890 5.0
912 4586 5.0
914 4484 5.0
915 4279 5.0
928 3586 5.0
928 3837 5.0
933 3297 5.0
935 3768 5.0
937 4931 5.0
939 4184 5.0
951 3644 5.0
957 1221 5.0
960 2787 5.0
964 1404 5.0
968 3844 5.0
974 2053 5.0
987 3365 5.0
990 3836 5.0
991 1756 5.0
998 4309 5.0
1001 2587 5.0
1017 3320 5.0
1032 3719 5.0
1033 2452 5.0
1038 1693 5.0
1045 4233 5.0
1048 2845 5.0
1049 1895 5.0
1050 1171 5.0
1059 3112 5.0
1060 1846 5.0
1062 4551 5.0
1063 1762 5.0
1063 4782 5.0
1064 1880 5.0
1075 2088 5.0
1086 1404 5.0
1093 1435 5.0
1099 1964 5.0
1103 4322 5.0
1110 1737 5.0
1110 3877 5.0
1124 4078 5.0
1125 1639 5.0
1126 1538 5.0
1131 4779 5.0
1136 1884 5.0
1137 1698 5.0
1138 4732 5.0
1160 1442 5.0
1174 2124 5.0
1181 1250 5.0
1186 3875 5.0
1187 3365 5.0
1196 2627 5.0
1197 4501 5.0
1206 4032 5.0
1211 2593 5.0
1215 1221 5.0
1216 3685 5.0
1224 3217 5.0
1230 1233 5.0
1236 4602 5.0
1257 4265 5.0
1269 1483 5.0
1271 3340 5.0
1271 4472 5.0
1271 4548 5.0
1280 2527 5.0
1280 3240 5.0
1283 4642 5.0
1286 3485 5.0
1296 1579 5.0
1305 4081 5.0
1314 2187 5.0
1319 4454 5.0
1323 4588 5.0
1324 3264 5.0
1325 2978 5.0
1326 3273 5.0
1333 4958 5.0
1346 3542 5.0
1353 3412 5.0
1355 4453 5.0
1361 3469 5.0
1364 2845 5.0
1364 4265 5.0
1386 2341 5.0
1394 3800 5.0
1400 4089 5.0
1418 3809 5.0
1419 4086 5.0
1422 2890 5.0
1427 4944 5.0
1431 4964 5.0
1440 4088 5.0
1453 3065 5.0
1454 2283 5.0
1455 4913 5.0
1458 2453 5.0
1467 4755 5.0
1470 4718 5.0
1470 4741 5.0
1484 2191 5.0
1491 3583 5.0
1499 3213 5.0
1503 3731 5.0
1506 1810 5.0
1512 1937 5.0
1520 1621 5.0
1532 3374 5.0
1533 3132 5.0
1541 4714 5.0
1543 2514 5.0
1548 3755 5.0
1556 2280 5.0
1569 1853 5.0
1579 4301 5.0
1580 3420 5.0
1590 3049 5.0
1593 4252 5.0
1599 3598 5.0
1608 4074 5.0
1610 3985 5.0
1612 3234 5.0
1641 2165 5.0
1642 3906 5.0
1654 3008 5.0
1656 4044 5.0
1656 4301 5.0
1670 2579 5.0
1684 4207 5.0
1686 4363 5.0
1696 4115 5.0
1699 2273 5.0
1704 1949 5.0
1706 4610 5.0
1715 2189 5.0
1717 2515 5.0
1719 2847 5.0
1719 3986 5.0
1721 1779 5.0
1722 2636 5.0
1726 3944 5.0
1730 2914 5.0
1733 2410 5.0
1741 4255 5.0
1745 2621 5.0
1748 1975 5.0
1759 4545 5.0
1771 1775 5.0
1771 2845 5.0
1771 3199 5.0
1777 4008 5.0
1778 3117 5.0
1784 4889 5.0
1789 4039 5.0
1793 2953 5.0
1807 2522 5.0
1812 3524 5.0
1824 4716 5.0
1826 3185 5.0
1832 2620 5.0
1837 4130 5.0
1838 3456 5.0
1842 2388 5.0
1845 2230 5.0
1848 2633 5.0
1853 2385 5.0
1858 2832 5.0
1874 2283 5.0
1875 3294 5.0
1878 3068 5.0
1909 2556 5.0
1919 2155 5.0
1927 4159 5.0
1943 3637 5.0
1947 4467 5.0
1951 2775 5.0
1956 4042 5.0
1980 4394 5.0
1990 3600 5.0
1992 4144 5.0
1995 4550 5.0
1997 4306 5.0
2000 4794 5.0
2014 3576 5.0
2016 2615 5.0
2016 4077 5.0
2028 2062 5.0
2037 3947 5.0
2045 2215 5.0
2045 3651 5.0
2047 2797 5.0
2047 3246 5.0
2053 4292 5.0
2054 3939 5.0
2057 4882 5.0
2062 3276 5.0
2094 4625 5.0
2104 2163 5.0
2123 4475 5.0
2125 2565 5.0
2145 4267 5.0
2154 4114 5.0
2157 4251 5.0
2161 3744 5.0
2162 4171 5.0
2166 3059 5.0
2168 3630 5.0
2173 2754 5.0
2182 3276 5.0
2186 3466 5.0
2189 4219 5.0
2190 2912 5.0
2196 2592 5.0
2198 2422 5.0
2201 4293 5.0
2204 4038 5.0
2215 2513 5.0
2224 2739 5.0
2225 4021 5.0
2233 3292 5.0
2254 4849 5.0
2255 4388 5.0
2262 3462 5.0
2263 2774 5.0
2268 2317 5.0
2277 3534 5.0
2279 3311 5.0
2287 3941 5.0
2301 3445 5.0
2313 3800 5.0
2324 3962 5.0
2330 4242 5.0
2348 3710 5.0
2361 4005 5.0
2374 3779 5.0
2384 4063 5.0
2389 3383 5.0
2401 2680 5.0
2405 3374 5.0
2406 2575 5.0
2419 2894 5.0
2426 2448 5.0
2440 4593 5.0
2443 3451 5.0
2444 3233 5.0
2461 2647 5.0
2466 2930 5.0
2472 3313 5.0
2480 4407 5.0
2504 4422 5.0
2516 3503 5.0
2519 4414 5.0
2524 3184 5.0
2528 4115 5.0
2558 3659 5.0
2564 3389 5.0
2564 4039 5.0
2591 4574 5.0
2601 2960 5.0
2645 2726 5.0
2657 3011 5.0
2670 4981 5.0
2672 4316 5.0
2677 3989 5.0
2684 4077 5.0
2689 4219 5.0
2705 4144 5.0
2710 3403 5.0
2717 4980 5.0
2722 3025 5.0
2772 4894 5.0
2775 4334 5.0
2779 3639 5.0
2782 3288 5.0
2813 4331 5.0
2825 3148 5.0
2831 4055 5.0
2831 4555 5.0
2841 4642 5.0
2843 2933 5.0
2846 4643 5.0
2850 4342 5.0
2850 4699 5.0
2863 3633 5.0
2866 2885 5.0
2915 4475 5.0
2940 4677 5.0
2942 3156 5.0
2974 4671 5.0
2979 4304 5.0
2980 4531 5.0
2996 3252 5.0
3002 4436 5.0
3011 3548 5.0
3041 3400 5.0
3041 4461 5.0
3043 3612 5.0
3048 4114 5.0
3049 4159 5.0
3066 3747 5.0
3070 3834 5.0
3100 3590 5.0
3101 3175 5.0
3101 4046 5.0
3107 4597 5.0
3139 4545 5.0
3141 4962 5.0
3142 3586 5.0
3157 4055 5.0
3185 3503 5.0
3189 4240 5.0
3197 3370 5.0
3232 4509 5.0
3233 3290 5.0
3239 3407 5.0
3257 4907 5.0
3275 4620 5.0
3281 3793 5.0
3286 3608 5.0
3286 3895 5.0
3295 3398 5.0
3299 3938 5.0
3312 4480 5.0
3323 2647 5.0
3334 3631 5.0
3334 3640 5.0
3341 3977 5.0
3346 4110 5.0
3349 1913 5.0
3354 4626 5.0
3367 4704 5.0
3426 3724 5.0
3465 3790 5.0
3469 4088 5.0
3469 4376 5.0
3484 4031 5.0
3485 4371 5.0
3492 3498 5.0
3502 4667 5.0
3525 4097 5.0
3562 3839 5.0
3571 4549 5.0
3579 4826 5.0
3585 3803 5.0
3631 3778 5.0
3632 4367 5.0
3640 4446 5.0
3790 4782 5.0
3837 3842 5.0
3873 3974 5.0
3951 3979 5.0
3986 4642 5.0
3988 4311 5.0
3990 4188 5.0
4005 4142 5.0
4012 4342 5.0
4022 4194 5.0
4028 4816 5.0
4054 4929 5.0
4058 4238 5.0
4135 4848 5.0
4148 4315 5.0
4158 4539 5.0
4178 4551 5.0
4196 484 5.0
4216 4726 5.0
4218 4515 5.0
4286 4379 5.0
4304 4734 5.0
4388 4574 5.0
4473 4860 5.0
4501 4839 5.0
4531 4767 5.0
4565 4978 5.0
4580 4843 5.0
4627 4851 5.0
4639 4723 5.0
4714 4717 5.0
4759 4966 5.0
4801 4927 5.0
1 940 6.0
1 1892 6.0
4 1955 6.0
5 388 6.0
5 2364 6.0
16 3623 6.0
17 4174 6.0
21 2741 6.0
25 2039 6.0
30 3461 6.0
32 412 6.0
32 2617 6.0
32 3050 6.0
33 2494 6.0
39 3114 6.0
40 2365 6.0
47 1791 6.0
47 4162 6.0
48 1365 6.0
52 178 6.0
56 3560 6.0
60 1920 6.0
60 1986 6.0
63 2427 6.0
65 2156 6.0
67 4901 6.0
71 2763 6.0
73 4552 6.0
74 276 6.0
87 3382 6.0
96 3748 6.0
97 1293 6.0
100 3672 6.0
100 4589 6.0
105 2004 6.0
109 975 6.0
112 2008 6.0
115 3078 6.0
115 3701 6.0
124 3292 6.0
134 2744 6.0
142 979 6.0
144 1659 6.0
146 1186 6.0
151 3676 6.0
154 1424 6.0
154 3181 6.0
155 4015 6.0
157 4681 6.0
160 2724 6.0
172 4954 6.0
173 1549 6.0
174 1862 6.0
175 4472 6.0
178 4608 6.0
179 1201 6.0
184 2359 6.0
190 2372 6.0
190 3254 6.0
193 4765 6.0
208 1532 6.0
211 4647 6.0
213 3350 6.0
217 1157 6.0
217 1876 6.0
217 2482 6.0
229 2282 6.0
229 4977 6.0
233 2643 6.0
234 3878 6.0
236 4921 6.0
240 4929 6.0
243 2011 6.0
245 2237 6.0
259 1454 6.0
262 3115 6.0
276 755 6.0
278 4604 6.0
287 4045 6.0
296 3960 6.0
300 4615 6.0
303 1866 6.0
306 449 6.0
308 638 6.0
312 3652 6.0
315 1442 6.0
316 4066 6.0
320 3555 6.0
321 1354 6.0
322 3269 6.0
323 3791 6.0
332 4229 6.0
341 4216 6.0
349 4195 6.0
352 2141 6.0
357 4600 6.0
362 759 6.0
364 1552 6.0
370 2084 6.0
375 3428 6.0
376 1671 6.0
384 3398 6.0
388 986 6.0
390 1381 6.0
390 3074 6.0
391 457 6.0
392 1083 6.0
395 1620 6.0
401 1837 6.0
427 4360 6.0
436 928 6.0
440 4617 6.0
440 4738 6.0
445 2278 6.0
450 4854 6.0
459 956 6.0
485 4042 6.0
491 2778 6.0
500 2813 6.0
504 4271 6.0
507 3243 6.0
508 1921 6.0
516 1751 6.0
518 2583 6.0
520 3851 6.0
523 675 6.0
524 4238 6.0
526 1415 6.0
527 2186 6.0
528 2685 6.0
534 1297 6.0
542 964 6.0
544 1415 6.0
545 1158 6.0
547 4257 6.0
559 4241 6.0
560 1362 6.0
562 3205 6.0
565 1934 6.0
567 2011 6.0
569 1435 6.0
570 1123 6.0
571 3660 6.0
576 1178 6.0
582 1433 6.0
582 2869 6.0
587 3058 6.0
592 1554 6.0
592 2049 6.0
593 2059 6.0
597 4054 6.0
598 2502 6.0
601 2375 6.0
602 867 6.0
602 1425 6.0
616 4664 6.0
620 4736 6.0
620 4886 6.0
626 4503 6.0
630 3898 6.0
631 4200 6.0
639 4856 6.0
649 3662 6.0
661 2971 6.0
663 1546 6.0
680 4721 6.0
686 3541 6.0
693 3835 6.0
700 1245 6.0
701 1834 6.0
709 2300 6.0
709 3794 6.0
710 2727 6.0
714 3917 6.0
724 948 6.0
725 2370 6.0
729 4074 6.0
737 4718 6.0
759 1025 6.0
761 3847 6.0
770 935 6.0
770 3700 6.0
771 1873 6.0
771 3089 6.0
772 3346 6.0
773 4569 6.0
777 1335 6.0
779 3230 6.0
781 4742 6.0
792 2038 6.0
792 3602 6.0
797 3425 6.0
801 1940 6.0
807 2974 6.0
824 3495 6.0
843 1808 6.0
852 4043 6.0
853 1756 6.0
854 4764 6.0
860 2170 6.0
862 3241 6.0
866 2088 6.0
874 2148 6.0
878 2904 6.0
878 4360 6.0
879 1900 6.0
883 4347 6.0
885 1871 6.0
914 1952 6.0
914 2521 6.0
921 2295 6.0
923 4021 6.0
929 1971 6.0
939 2425 6.0
940 3059 6.0
940 4920 6.0
955 4592 6.0
958 2541 6.0
965 3403 6.0
973 2678 6.0
979 4158 6.0
982 3318 6.0
991 3419 6.0
999 4261 6.0
1004 3519 6.0
1005 3117 6.0
1007 3724 6.0
1023 2950 6.0
1024 4748 6.0
1026 4897 6.0
1038 3675 6.0
1039 3714 6.0
1043 3297 6.0
1052 4116 6.0
1057 4246 6.0
1064 1342 6.0
1066 3285 6.0
1076 4131 6.0
1085 4031 6.0
1091 4573 6.0
1093 4484 6.0
1098 2550 6.0
1100 1132 6.0
1102 2459 6.0
1125 1190 6.0
1132 3596 6.0
1132 3664 6.0
1146 2942 6.0
1157 1595 6.0
1158 1395 6.0
1160 2042 6.0
1179 2008 6.0
1179 4388 6.0
1185 2190 6.0
1185 3797 6.0
1188 1770 6.0
1194 4675 6.0
1195 3161 6.0
1195 3401 6.0
1202 2934 6.0
1206 1463 6.0
1206 2709 6.0
1207 1971 6.0
1210 2325 6.0
1210 3216 6.0
1218 2752 6.0
1226 1799 6.0
1236 1346 6.0
1249 1755 6.0
1250 3911 6.0
1252 3867 6.0
1257 4380 6.0
1264 2632 6.0
1264 3248 6.0
1273 4935 6.0
1281 4891 6.0
1285 3197 6.0
1309 4020 6.0
1316 2589 6.0
1319 2825 6.0
1322 1493 6.0
1322 1520 6.0
1329 1965 6.0
1332 2495 6.0
1338 2709 6.0
1339 4626 6.0
1344 3006 6.0
1349 2894 6.0
1350 1951 6.0
1355 4273 6.0
1366 3726 6.0
1370 2835 6.0
1371 3665 6.0
1374 2069 6.0
1381 1704 6.0
1382 3783 6.0
1388 2433 6.0
1389 3313 6.0
1389 4302 6.0
1392 4008 6.0
1392 4270 6.0
1398 4160 6.0
1404 1421 6.0
1408 1818 6.0
1416 2839 6.0
1433 2525 6.0
1435 2227 6.0
1437 4741 6.0
1441 2248 6.0
1441 3925 6.0
1446 4488 6.0
1450 2177 6.0
1452 3071 6.0
1454 3088 6.0
1460 4958 6.0
1464 3873 6.0
1464 4818 6.0
1467 4864 6.0
1471 1690 6.0
1471 4017 6.0
1477 4967 6.0
1478 3479 6.0
1479 2894 6.0
1482 3286 6.0
1490 3593 6.0
1492 4769 6.0
1496 3027 6.0
1505 2544 6.0
1510 4169 6.0
1515 4982 6.0
1521 4286 6.0
1522 4107 6.0
1526 4255 6.0
1527 2200 6.0
1528 4535 6.0
1531 4687 6.0
1547 1709 6.0
1565 2019 6.0
1568 3914 6.0
1572 4646 6.0
1581 3482 6.0
1585 2282 6.0
1585 2653 6.0
1587 2426 6.0
1592 2844 6.0
1592 4945 6.0
1608 2885 6.0
1610 2552 6.0
1622 2458 6.0
1627 4979 6.0
1643 3679 6.0
1649 4836 6.0
1672 3954 6.0
1686 3306 6.0
1689 123 6.0
1690 4863 6.0
1691 4220 6.0
1698 2940 6.0
1706 4583 6.0
1707 3621 6.0
1709 3723 6.0
1714 3309 6.0
1719 3697 6.0
1720 2506 6.0
1727 2534 6.0
1727 4245 6.0
1733 2438 6.0
1733 3842 6.0
1736 4737 6.0
1737 2692 6.0
1739 1758 6.0
1743 4367 6.0
1754 3855 6.0
1758 3445 6.0
1769 1785 6.0
1777 4392 6.0
1782 2419 6.0
1788 2391 6.0
1789 4228 6.0
1790 4982 6.0
1797 2403 6.0
1801 2817 6.0
1808 4379 6.0
1814 2945 6.0
1823 1906 6.0
1831 4545 6.0
1842 4246 6.0
1850 2323 6.0
1854 2852 6.0
1854 4722 6.0
1857 2480 6.0
1859 2966 6.0
1862 3223 6.0
1865 3429 6.0
1870 2509 6.0
1871 4221 6.0
1873 2311 6.0
1882 4051 6.0
1887 4291 6.0
1894 2024 6.0
1899 4797 6.0
1910 2004 6.0
1910 2909 6.0
1910 3181 6.0
1911 4011 6.0
1914 2218 6.0
1926 2560 6.0
1928 3363 6.0
1930 4828 6.0
1934 3571 6.0
1939 3040 6.0
1949 3254 6.0
1959 3879 6.0
1961 2853 6.0
1968 2849 6.0
1969 4553 6.0
1982 2853 6.0
1991 4389 6.0
1995 3687 6.0
2006 2872 6.0
2016 2947 6.0
2038 2480 6.0
2039 4758 6.0
2043 3570 6.0
2045 2425 6.0
2048 4722 6.0
2049 4321 6.0
2054 3026 6.0
2054 4536 6.0
2060 3864 6.0
2067 3218 6.0
2099 4879 6.0
2112 4595 6.0
2117 3321 6.0
2126 3046 6.0
2127 4682 6.0
2129 3027 6.0
2135 3808 6.0
2148 2566 6.0
2152 3188 6.0
2152 3582 6.0
2157 4472 6.0
2173 2369 6.0
2180 2417 6.0
2180 3023 6.0
2181 2535 6.0
2197 3456 6.0
2198 4729 6.0
2210 2990 6.0
2211 4534 6.0
2230 4233 6.0
2232 2964 6.0
2233 4433 6.0
2238 3596 6.0
2239 3720 6.0
2256 2958 6.0
2263 4578 6.0
2269 4821 6.0
2290 2500 6.0
2291 2927 6.0
2292 3527 6.0
2294 2353 6.0
2332 4426 6.0
2334 4537 6.0
2336 4973 6.0
2341 4191 6.0
2345 3198 6.0
2347 4234 6.0
2358 2517 6.0
2358 2817 6.0
2369 2517 6.0
2376 2518 6.0
2381 536 6.0
2397 3333 6.0
2401 2769 6.0
2404 4803 6.0
2425 3352 6.0
2425 3494 6.0
2435 4003 6.0
2439 2970 6.0
2439 2976 6.0
2451 4386 6.0
2458 4271 6.0
2460 3149 6.0
2470 3202 6.0
2472 4256 6.0
2478 4124 6.0
2501 3432 6.0
2507 3029 6.0
2516 2828 6.0
2525 4863 6.0
2526 2784 6.0
2533 3724 6.0
2534 3191 6.0
2537 4711 6.0
2540 4795 6.0
2542 4753 6.0
2542 4906 6.0
2552 4655 6.0
2585 4087 6.0
2598 4135 6.0
2606 3802 6.0
2627 4168 6.0
2648 3680 6.0
2656 3383 6.0
2658 4122 6.0
2661 3857 6.0
2670 3162 6.0
2679 4269 6.0
2686 3611 6.0
2690 4187 6.0
2705 2546 6.0
2713 4943 6.0
2729 3511 6.0
2730 4133 6.0
2731 4817 6.0
2738 4547 6.0
2740 3756 6.0
2743 3216 6.0
2752 2869 6.0
2770 3110 6.0
2774 4640 6.0
2780 3751 6.0
2780 4749 6.0
2799 3721 6.0
2800 3135 6.0
2826 4880 6.0
2857 2883 6.0
2868 4069 6.0
2879 3961 6.0
2883 4121 6.0
2887 3738 6.0
2900 3760 6.0
2910 4478 6.0
2924 3409 6.0
2924 4319 6.0
2937 4026 6.0
2938 4508 6.0
2944 3170 6.0
2952 4926 6.0
2960 3298 6.0
2962 3831 6.0
2966 3041 6.0
2997 3186 6.0
3012 4342 6.0
3018 3582 6.0
3022 4883 6.0
3040 4905 6.0
3053 4070 6.0
3057 3479 6.0
3061 4406 6.0
3076 4385 6.0
3111 3805 6.0
3114 4282 6.0
3121 4711 6.0
3132 4529 6.0
3191 4480 6.0
3211 4799 6.0
3232 4164 6.0
3260 4978 6.0
3263 3455 6.0
3283 3567 6.0
3291 3575 6.0
3299 3924 6.0
3314 4696 6.0
3321 3947 6.0
3371 4637 6.0
3385 4652 6.0
3410 4861 6.0
3413 3653 6.0
3428 1553 6.0
3428 3688 6.0
3468 4911 6.0
3470 4571 6.0
3485 4405 6.0
3487 4403 6.0
3509 4212 6.0
3536 4485 6.0
3559 4852 6.0
3568 4796 6.0
3573 4093 6.0
3583 4117 6.0
3592 4242 6.0
3605 4507 6.0
3607 4347 6.0
3607 4429 6.0
3716 4055 6.0
3742 3924 6.0
3778 3922 6.0
3813 4571 6.0
3816 4268 6.0
3824 366 6.0
3826 4774 6.0
3843 4428 6.0
3885 4478 6.0
3919 1920 6.0
3939 4307 6.0
3969 4514 6.0
4074 4772 6.0
4080 4934 6.0
4082 1259 6.0
4140 4534 6.0
4167 4632 6.0
4174 4860 6.0
4199 4759 6.0
4232 4319 6.0
4289 4759 6.0
4347 4813 6.0
4367 4560 6.0
4413 4667 6.0
4427 882 6.0
4445 4587 6.0
4537 4678 6.0
4637 4754 6.0
4660 4879 6.0
4681 3311 6.0
4768 4772 6.0
4791 4967 6.0
4868 3205 6.0
4934 3737 6.0
2 1354 7.0
2 1401 7.0
4 1328 7.0
7 11 7.0
19 2019 7.0
20 927 7.0
21 3321 7.0
33 1678 7.0
38 588 7.0
41 3537 7.0
44 1000 7.0
48 2646 7.0
48 4490 7.0
54 3122 7.0
56 3365 7.0
58 1546 7.0
72 1837 7.0
72 2288 7.0
76 2847 7.0
99 4829 7.0
100 1684 7.0
104 2937 7.0
105 4580 7.0
108 1112 7.0
111 752 7.0
113 3832 7.0
114 1069 7.0
119 3670 7.0
126 1535 7.0
133 2251 7.0
134 3876 7.0
144 2958 7.0
147 4383 7.0
148 2533 7.0
150 835 7.0
151 1947 7.0
151 2393 7.0
155 2722 7.0
163 1810 7.0
164 1890 7.0
165 2613 7.0
165 4366 7.0
176 4045 7.0
183 830 7.0
186 947 7.0
186 2203 7.0
187 3545 7.0
197 4372 7.0
197 4585 7.0
202 2557 7.0
204 4758 7.0
205 2040 7.0
210 2062 7.0
211 2531 7.0
213 1231 7.0
230 2220 7.0
232 2035 7.0
237 1081 7.0
241 2936 7.0
245 1614 7.0
247 4531 7.0
249 2886 7.0
254 1393 7.0
254 4660 7.0
258 1955 7.0
262 4754 7.0
269 1428 7.0
270 865 7.0
281 2097 7.0
302 907 7.0
302 2736 7.0
308 4641 7.0
311 2203 7.0
313 1330 7.0
313 2439 7.0
325 863 7.0
325 3655 7.0
339 3235 7.0
340 903 7.0
340 3434 7.0
341 1603 7.0
345 2677 7.0
347 4211 7.0
349 1540 7.0
353 1013 7.0
353 2130 7.0
361 2076 7.0
367 2722 7.0
368 4390 7.0
371 1805 7.0
375 904 7.0
378 415 7.0
395 1176 7.0
395 1811 7.0
404 2808 7.0
405 4402 7.0
412 4911 7.0
413 3053 7.0
415 645 7.0
419 2849 7.0
422 942 7.0
428 1897 7.0
431 2119 7.0
431 4701 7.0
433 1732 7.0
433 4567 7.0
435 2608 7.0
442 2777 7.0
443 1682 7.0
450 2345 7.0
450 4753 7.0
454 4583 7.0
470 3452 7.0
471 1497 7.0
477 951 7.0
480 3817 7.0
497 1181 7.0
502 594 7.0
504 2816 7.0
513 1231 7.0
514 2219 7.0
523 3829 7.0
530 974 7.0
532 1183 7.0
542 1332 7.0
549 4765 7.0
552 643 7.0
552 2890 7.0
553 2179 7.0
554 2223 7.0
555 3482 7.0
561 1368 7.0
562 2306 7.0
566 2631 7.0
574 4169 7.0
579 4400 7.0
580 2265 7.0
589 2437 7.0
597 2429 7.0
604 2934 7.0
605 1675 7.0
607 3858 7.0
614 2298 7.0
617 2376 7.0
623 629 7.0
630 4100 7.0
632 4381 7.0
645 782 7.0
650 1900 7.0
654 2498 7.0
654 3515 7.0
654 4907 7.0
661 1453 7.0
664 2664 7.0
665 1947 7.0
666 3684 7.0
668 1969 7.0
678 1071 7.0
685 3327 7.0
698 926 7.0
712 2338 7.0
714 870 7.0
717 1142 7.0
717 2345 7.0
727 3441 7.0
729 4205 7.0
729 4552 7.0
739 1230 7.0
744 2193 7.0
745 3537 7.0
745 3857 7.0
751 1881 7.0
754 2071 7.0
756 3792 7.0
758 3487 7.0
764 1131 7.0
769 1220 7.0
777 1263 7.0
777 1901 7.0
781 1948 7.0
786 4492 7.0
790 1670 7.0
791 3513 7.0
794 1715 7.0
798 2900 7.0
806 3153 7.0
807 4679 7.0
808 1164 7.0
814 4773 7.0
817 4696 7.0
825 2066 7.0
826 2753 7.0
840 1045 7.0
859 3329 7.0
874 1060 7.0
877 2551 7.0
880 4376 7.0
881 1527 7.0
893 2774 7.0
897 4089 7.0
901 3195 7.0
901 4962 7.0
902 3125 7.0
904 3394 7.0
912 3601 7.0
913 4839 7.0
916 2481 7.0
918 2670 7.0
934 1476 7.0
934 2887 7.0
935 1000 7.0
936 4206 7.0
936 4305 7.0
943 2871 7.0
962 4591 7.0
976 2418 7.0
977 1117 7.0
980 2107 7.0
985 1081 7.0
986 3870 7.0
988 1052 7.0
1000 2173 7.0
1002 4872 7.0
1005 4642 7.0
1008 1552 7.0
1015 4785 7.0
1027 1850 7.0
1028 2169 7.0
1030 3152 7.0
1034 1082 7.0
1041 1367 7.0
1051 844 7.0
1051 3072 7.0
1051 4381 7.0
1054 3950 7.0
1056 2885 7.0
1060 4544 7.0
1068 1510 7.0
1069 4234 7.0
1070 1341 7.0
1082 1237 7.0
1089 1369 7.0
1095 1914 7.0
1102 3724 7.0
1104 4870 7.0
1113 1286 7.0
1113 3668 7.0
1114 2010 7.0
1116 3182 7.0
1118 1465 7.0
1121 1136 7.0
1129 2415 7.0
1141 3351 7.0
1145 3495 7.0
1145 4407 7.0
1160 2151 7.0
1161 4253 7.0
1184 1831 7.0
1185 3913 7.0
1187 3629 7.0
1188 2929 7.0
1194 2297 7.0
1198 1951 7.0
1198 2046 7.0
1208 2429 7.0
1208 2780 7.0
1215 3709 7.0
1228 2362 7.0
1237 4686 7.0
1246 2926 7.0
1262 2418 7.0
1263 1929 7.0
1266 4614 7.0
1275 4640 7.0
1284 2573 7.0
1290 2444 7.0
1292 3802 7.0
1293 4802 7.0
1302 2240 7.0
1311 4582 7.0
1313 4217 7.0
1321 2015 7.0
1341 2690 7.0
1344 2739 7.0
1350 3491 7.0
1350 3940 7.0
1361 4528 7.0
1363 4328 7.0
1369 1653 7.0
1372 4083 7.0
1373 4007 7.0
1375 1552 7.0
1375 4580 7.0
1376 2102 7.0
1398 4135 7.0
1406 2569 7.0
1413 3173 7.0
1418 2475 7.0
1425 3296 7.0
1430 4371 7.0
1433 1623 7.0
1437 4636 7.0
1441 3848 7.0
1451 2093 7.0
1460 2328 7.0
1468 4029 7.0
1471 4691 7.0
1482 1843 7.0
1482 4426 7.0
1483 3425 7.0
1504 2807 7.0
1528 2470 7.0
1537 1836 7.0
1559 2995 7.0
1566 2520 7.0
1573 2717 7.0
1573 4772 7.0
1575 3953 7.0
1585 1602 7.0
1587 3381 7.0
1599 2511 7.0
1600 2407 7.0
1602 4464 7.0
1607 3237 7.0
1611 1855 7.0
1614 2472 7.0
1624 2020 7.0
1626 2022 7.0
1645 2164 7.0
1677 1993 7.0
1678 3351 7.0
1680 2963 7.0
1683 3301 7.0
1693 2776 7.0
1694 4569 7.0
1695 2339 7.0
1710 3841 7.0
1711 3424 7.0
1711 3597 7.0
1728 4774 7.0
1748 2219 7.0
1756 2490 7.0
1759 2989 7.0
1765 3599 7.0
1769 3574 7.0
1778 2048 7.0
1781 1895 7.0
1789 1941 7.0
1796 4855 7.0
1807 2402 7.0
1816 3017 7.0
1816 3328 7.0
1820 4426 7.0
1840 4283 7.0
1855 4299 7.0
1861 2071 7.0
1861 2997 7.0
1869 3923 7.0
1881 4899 7.0
1886 4522 7.0
1898 3543 7.0
1899 3947 7.0
1901 4119 7.0
1910 3437 7.0
1915 3985 7.0
1918 4561 7.0
1928 4689 7.0
1929 2618 7.0
1972 4575 7.0
1974 4598 7.0
1979 2491 7.0
1979 2897 7.0
1994 3148 7.0
2022 2539 7.0
2041 2918 7.0
2046 2744 7.0
2047 4154 7.0
2055 3619 7.0
2057 3900 7.0
2065 2910 7.0
2067 2530 7.0
2067 4485 7.0
2093 4865 7.0
2095 4356 7.0
2096 4684 7.0
2114 3088 7.0
2116 3845 7.0
2138 4210 7.0
2140 4740 7.0
2147 4705 7.0
2153 2975 7.0
2158 4605 7.0
2165 2530 7.0
2165 3497 7.0
2169 4507 7.0
2188 4678 7.0
2199 2861 7.0
2213 1763 7.0
2213 3909 7.0
2240 3795 7.0
2244 4775 7.0
2255 2262 7.0
2256 1644 7.0
2256 4041 7.0
2260 3991 7.0
2263 4745 7.0
2265 3357 7.0
2270 3579 7.0
2276 3721 7.0
2298 3959 7.0
2314 4223 7.0
2321 4591 7.0
2328 4087 7.0
2337 2379 7.0
2345 3624 7.0
2353 3815 7.0
2355 4967 7.0
2357 3911 7.0
2363 4244 7.0
2363 4389 7.0
2366 4359 7.0
2367 4617 7.0
2385 3964 7.0
2407 4035 7.0
2408 2478 7.0
2409 4764 7.0
2415 2440 7.0
2417 4439 7.0
2450 131 7.0
2455 3145 7.0
2469 3140 7.0
2478 2791 7.0
2481 4758 7.0
2487 3556 7.0
2487 3808 7.0
2496 2747 7.0
2506 3950 7.0
2513 3870 7.0
2518 3237 7.0
2537 3124 7.0
2551 3076 7.0
2566 2841 7.0
2568 3533 7.0
2572 3361 7.0
2574 3871 7.0
2575 3559 7.0
2583 3011 7.0
2599 4502 7.0
2601 4125 7.0
2613 4705 7.0
2614 3443 7.0
2645 4728 7.0
2651 3055 7.0
2651 4701 7.0
2653 4678 7.0
2659 2772 7.0
2670 3154 7.0
2672 2674 7.0
2685 4826 7.0
2691 3377 7.0
2693 3327 7.0
2697 4788 7.0
2702 1011 7.0
2719 4820 7.0
2752 4773 7.0
2761 3763 7.0
2769 4511 7.0
2777 4096 7.0
2786 3255 7.0
2791 2936 7.0
2796 3097 7.0
2804 3828 7.0
2805 2658 7.0
2824 4402 7.0
2853 3866 7.0
2861 2957 7.0
2874 2941 7.0
2875 4653 7.0
2877 4606 7.0
2902 3898 7.0
2936 3493 7.0
2943 3589 7.0
2972 2965 7.0
3024 3932 7.0
3026 4122 7.0
3039 3415 7.0
3047 4715 7.0
3050 3200 7.0
3050 3495 7.0
3054 4313 7.0
3055 3812 7.0
3056 4963 7.0
3079 4190 7.0
3103 4704 7.0
3107 4103 7.0
3118 4609 7.0
3122 2652 7.0
3137 4966 7.0
3154 3493 7.0
3155 3811 7.0
3156 3162 7.0
3160 3384 7.0
3174 4788 7.0
3190 4788 7.0
3192 3839 7.0
3202 3322 7.0
3213 4415 7.0
3229 4095 7.0
3302 583 7.0
3320 4770 7.0
3375 2450 7.0
3379 3554 7.0
3391 3522 7.0
3400 4618 7.0
3463 4940 7.0
3491 3596 7.0
3518 4120 7.0
3594 4167 7.0
3665 4317 7.0
3667 3682 7.0
3682 184 7.0
3733 4516 7.0
3748 4394 7.0
3753 3892 7.0
3761 4665 7.0
3764 4062 7.0
3801 4916 7.0
3840 3987 7.0
3853 4713 7.0
3856 4222 7.0
3877 4523 7.0
3877 4632 7.0
3900 4516 7.0
3931 3950 7.0
3939 4877 7.0
3948 4179 7.0
3948 4836 7.0
3950 4922 7.0
3952 2623 7.0
3953 4262 7.0
3961 648 7.0
4002 4335 7.0
4025 4713 7.0
4032 4340 7.0
4060 4358 7.0
4093 4180 7.0
4104 4715 7.0
4185 4793 7.0
4341 84 7.0
4450 4893 7.0
4479 3005 7.0
4503 1134 7.0
4559 2774 7.0
4792 4979 7.0
6 2001 8.0
6 2749 8.0
12 4944 8.0
15 995 8.0
15 2065 8.0
16 4143 8.0
22 3391 8.0
40 1551 8.0
46 829 8.0
50 3319 8.0
58 2267 8.0
62 3973 8.0
66 3806 8.0
82 1347 8.0
90 2303 8.0
90 3269 8.0
92 222 8.0
92 756 8.0
102 2888 8.0
106 3388 8.0
110 1167 8.0
110 3523 8.0
125 4336 8.0
129 3590 8.0
132 3817 8.0
145 2604 8.0
159 2901 8.0
169 261 8.0
171 2963 8.0
187 3865 8.0
192 3221 8.0
192 3237 8.0
193 687 8.0
198 3016 8.0
201 2593 8.0
205 4435 8.0
218 787 8.0
218 1517 8.0
219 1067 8.0
220 1596 8.0
225 2718 8.0
229 318 8.0
232 3220 8.0
234 529 8.0
238 2908 8.0
250 4583 8.0
257 4086 8.0
258 4430 8.0
267 4257 8.0
287 3138 8.0
289 3275 8.0
290 3396 8.0
295 2346 8.0
297 1563 8.0
298 520 8.0
298 2793 8.0
334 1285 8.0
335 4505 8.0
340 691 8.0
341 599 8.0
344 420 8.0
358 3676 8.0
369 2026 8.0
388 594 8.0
389 1840 8.0
393 1931 8.0
398 719 8.0
398 1561 8.0
405 3313 8.0
410 1471 8.0
412 1645 8.0
420 2346 8.0
425 3733 8.0
426 1071 8.0
433 1017 8.0
438 2501 8.0
449 855 8.0
454 4983 8.0
459 598 8.0
467 3535 8.0
474 3147 8.0
489 629 8.0
490 3598 8.0
497 4494 8.0
499 3159 8.0
511 1456 8.0
528 624 8.0
529 2835 8.0
529 3078 8.0
531 3772 8.0
534 831 8.0
540 4218 8.0
541 1982 8.0
543 2732 8.0
545 3910 8.0
548 652 8.0
560 2005 8.0
564 1615 8.0
566 3138 8.0
566 4774 8.0
568 847 8.0
570 4092 8.0
572 4797 8.0
573 3274 8.0
579 1762 8.0
596 4345 8.0
612 4141 8.0
613 1556 8.0
615 1865 8.0
631 4938 8.0
639 3001 8.0
658 3468 8.0
658 4627 8.0
659 3333 8.0
670 4195 8.0
685 4500 8.0
697 4530 8.0
700 926 8.0
704 1865 8.0
713 4552 8.0
720 2595 8.0
723 1002 8.0
735 3798 8.0
740 3326 8.0
745 3022 8.0
746 2854 8.0
748 3871 8.0
753 1346 8.0
764 4450 8.0
767 2594 8.0
776 1662 8.0
785 4502 8.0
790 3079 8.0
792 1342 8.0
796 3894 8.0
802 4981 8.0
810 3280 8.0
811 3969 8.0
816 1414 8.0
820 4022 8.0
832 2536 8.0
842 3449 8.0
854 2444 8.0
857 3583 8.0
863 4038 8.0
865 1152 8.0
873 3142 8.0
893 2682 8.0
895 3781 8.0
911 2296 8.0
911 3977 8.0
913 3215 8.0
930 2631 8.0
940 3208 8.0
942 3118 8.0
961 2467 8.0
963 1106 8.0
966 2109 8.0
966 2456 8.0
971 2773 8.0
989 3819 8.0
990 4178 8.0
993 4335 8.0
1012 1109 8.0
1012 3821 8.0
1013 1477 8.0
1021 2235 8.0
1028 3540 8.0
1039 4355 8.0
1040 2200 8.0
1042 2903 8.0
1043 4592 8.0
1055 1215 8.0
1086 1314 8.0
1088 1582 8.0
1089 3053 8.0
1093 4870 8.0
1111 4750 8.0
1114 4662 8.0
1131 3498 8.0
1133 1968 8.0
1133 4665 8.0
1147 2332 8.0
1149 3812 8.0
1153 2675 8.0
1155 1633 8.0
1166 2618 8.0
1190 1707 8.0
1192 98 8.0
1193 1764 8.0
1206 4915 8.0
1207 2404 8.0
1213 1457 8.0
1225 4625 8.0
1232 4030 8.0
1240 2010 8.0
1244 2512 8.0
1247 4429 8.0
1273 1808 8.0
1273 3967 8.0
1289 1827 8.0
1290 2511 8.0
1291 3740 8.0
1295 2178 8.0
1302 4857 8.0
1306 4372 8.0
1311 4531 8.0
1336 4702 8.0
1348 2993 8.0
1349 3974 8.0
1356 3144 8.0
1356 3544 8.0
1357 1851 8.0
1357 3415 8.0
1365 2176 8.0
1394 3569 8.0
1395 3314 8.0
1398 3139 8.0
1407 3894 8.0
1412 2622 8.0
1418 1434 8.0
1420 3290 8.0
1437 2522 8.0
1440 2648 8.0
1457 3593 8.0
1496 4955 8.0
1499 4225 8.0
1516 2289 8.0
1525 1560 8.0
1537 3255 8.0
1550 2081 8.0
1576 2403 8.0
1576 2557 8.0
1576 3192 8.0
1580 4653 8.0
1583 3926 8.0
1589 3568 8.0
1625 3892 8.0
1629 758 8.0
1640 2731 8.0
1652 4724 8.0
1661 2745 8.0
1673 4759 8.0
1702 3890 8.0
1706 4059 8.0
1710 3589 8.0
1716 1736 8.0
1728 4561 8.0
1747 4790 8.0
1753 4730 8.0
1765 2976 8.0
1780 4099 8.0
1785 1799 8.0
1791 4421 8.0
1792 2616 8.0
1794 4835 8.0
1804 3594 8.0
1808 4435 8.0
1825 3957 8.0
1829 2803 8.0
1845 3689 8.0
1849 4554 8.0
1851 3720 8.0
1851 4028 8.0
1855 3033 8.0
1856 2610 8.0
1856 3712 8.0
1864 1904 8.0
1873 1004 8.0
1888 3460 8.0
1901 4572 8.0
1902 4745 8.0
1922 3146 8.0
1923 3874 8.0
1923 4358 8.0
1931 2317 8.0
1931 4023 8.0
1939 4435 8.0
1984 2583 8.0
1990 4018 8.0
1998 3863 8.0
2006 2086 8.0
2006 4908 8.0
2007 2665 8.0
2007 4552 8.0
2012 3278 8.0
2020 4825 8.0
2022 2198 8.0
2029 4925 8.0
2033 2024 8.0
2033 2222 8.0
2037 2894 8.0
2047 4936 8.0
2050 4309 8.0
2059 3522 8.0
2065 4786 8.0
2080 3355 8.0
2087 3082 8.0
2089 3968 8.0
2099 4064 8.0
2103 4118 8.0
2105 2386 8.0
2112 4809 8.0
2127 3999 8.0
2147 3759 8.0
2153 4031 8.0
2156 3934 8.0
2163 4550 8.0
2167 1454 8.0
2174 3185 8.0
2181 2201 8.0
2183 4437 8.0
2196 1346 8.0
2245 4790 8.0
2250 2714 8.0
2261 4700 8.0
2264 3987 8.0
2291 2728 8.0
2301 4107 8.0
2306 3262 8.0
2315 4513 8.0
2316 2356 8.0
2321 3375 8.0
2321 4013 8.0
2336 4629 8.0
2343 3144 8.0
2343 3435 8.0
2343 4499 8.0
2345 3126 8.0
2351 444 8.0
2355 4522 8.0
2362 4241 8.0
2366 3028 8.0
2368 3938 8.0
2373 4274 8.0
2393 2413 8.0
2396 2484 8.0
2397 3633 8.0
2409 4904 8.0
2420 4802 8.0
2422 3179 8.0
2432 4761 8.0
2433 1188 8.0
2433 4496 8.0
2458 2810 8.0
2475 2594 8.0
2479 2707 8.0
2491 4180 8.0
2505 3024 8.0
2511 4974 8.0
2512 4308 8.0
2520 4165 8.0
2521 3015 8.0
2543 4474 8.0
2549 3409 8.0
2560 4137 8.0
2566 4399 8.0
2602 4191 8.0
2619 4102 8.0
2628 4059 8.0
2638 3853 8.0
2650 4296 8.0
2654 4004 8.0
2678 3518 8.0
2701 3378 8.0
2706 3574 8.0
2710 2910 8.0
2713 4952 8.0
2732 4033 8.0
2740 4712 8.0
2754 3990 8.0
2756 718 8.0
2770 4584 8.0
2778 4808 8.0
2780 4752 8.0
2781 4742 8.0
2785 2954 8.0
2785 3351 8.0
2808 4320 8.0
2815 3384 8.0
2833 4781 8.0
2838 3511 8.0
2855 3245 8.0
2862 3760 8.0
2867 4000 8.0
2876 2922 8.0
2920 4310 8.0
2922 4365 8.0
2926 3612 8.0
2929 4191 8.0
2941 4664 8.0
2944 3774 8.0
2959 4836 8.0
2962 3431 8.0
2981 4249 8.0
3008 3393 8.0
3009 4529 8.0
3015 4909 8.0
3023 4293 8.0
3027 4158 8.0
3043 4037 8.0
3053 4557 8.0
3054 146 8.0
3062 4957 8.0
3087 3204 8.0
3095 4346 8.0
3116 3609 8.0
3137 4225 8.0
3149 4533 8.0
3172 4933 8.0
3208 4432 8.0
3239 4473 8.0
3255 4636 8.0
3261 4280 8.0
3280 3320 8.0
3314 4100 8.0
3315 3697 8.0
3315 3848 8.0
3322 3358 8.0
3331 4255 8.0
3358 3711 8.0
3368 4813 8.0
3371 3664 8.0
3372 4375 8.0
3381 3525 8.0
3397 3612 8.0
3424 3757 8.0
3435 3725 8.0
3450 3817 8.0
3499 4829 8.0
3508 4579 8.0
3510 4656 8.0
3514 3897 8.0
3532 3706 8.0
3556 3818 8.0
3570 3658 8.0
3581 1000 8.0
3582 4083 8.0
3618 3972 8.0
3639 4339 8.0
3653 4195 8.0
3663 4821 8.0
3666 4213 8.0
3668 4365 8.0
3668 4568 8.0
3692 4434 8.0
3693 4157 8.0
3707 3756 8.0
3730 4926 8.0
3758 1784 8.0
3821 4563 8.0
3838 4408 8.0
3884 4731 8.0
3971 4944 8.0
3991 2200 8.0
4057 1445 8.0
4059 4607 8.0
4097 4656 8.0
4136 4199 8.0
4137 4194 8.0
4158 2925 8.0
4189 4975 8.0
4202 4717 8.0
4264 2077 8.0
4322 4787 8.0
4330 4959 8.0
4474 4885 8.0
4490 4762 8.0
4577 4088 8.0
4780 4961 8.0
4917 562 8.0
16 2782 9.0
18 1685 9.0
20 428 9.0
23 3861 9.0
48 4102 9.0
64 3606 9.0
66 3985 9.0
70 593 9.0
81 1745 9.0
86 1044 9.0
101 2043 9.0
102 361 9.0
107 3733 9.0
116 421 9.0
125 916 9.0
125 3047 9.0
139 1041 9.0
150 3004 9.0
177 1304 9.0
180 262 9.0
182 906 9.0
189 415 9.0
193 4494 9.0
200 501 9.0
222 3237 9.0
223 1180 9.0
225 233 9.0
225 811 9.0
233 3789 9.0
242 257 9.0
255 664 9.0
255 4579 9.0
269 3937 9.0
278 1435 9.0
279 3422 9.0
281 3750 9.0
283 4049 9.0
288 1667 9.0
288 2157 9.0
293 638 9.0
309 4799 9.0
313 1843 9.0
323 4825 9.0
324 4165 9.0
326 3999 9.0
328 4747 9.0
329 364 9.0
340 2553 9.0
347 3549 9.0
348 683 9.0
352 796 9.0
377 2797 9.0
384 1058 9.0
391 4959 9.0
395 704 9.0
398 2118 9.0
399 2225 9.0
404 4496 9.0
408 653 9.0
423 1906 9.0
426 4415 9.0
439 4368 9.0
451 1379 9.0
451 2079 9.0
453 4871 9.0
455 3705 9.0
455 4219 9.0
464 1829 9.0
467 4302 9.0
479 4891 9.0
485 4350 9.0
487 4791 9.0
491 1872 9.0
495 2243 9.0
495 2747 9.0
496 2659 9.0
513 3279 9.0
513 4562 9.0
531 1682 9.0
531 2952 9.0
537 973 9.0
547 2052 9.0
563 3382 9.0
574 3687 9.0
580 1925 9.0
585 981 9.0
600 4508 9.0
611 1486 9.0
612 2037 9.0
619 4507 9.0
624 2352 9.0
636 3472 9.0
644 2393 9.0
664 3361 9.0
669 4409 9.0
669 4725 9.0
670 1270 9.0
673 3041 9.0
676 2849 9.0
677 3275 9.0
691 3942 9.0
691 4842 9.0
692 2836 9.0
696 1267 9.0
697 1670 9.0
698 2606 9.0
704 1460 9.0
712 1758 9.0
724 2826 9.0
743 3533 9.0
746 4431 9.0
748 3538 9.0
750 3206 9.0
768 4523 9.0
774 1059 9.0
774 1581 9.0
784 4582 9.0
793 4411 9.0
805 2641 9.0
812 1575 9.0
819 1765 9.0
822 3665 9.0
823 1722 9.0
828 1349 9.0
836 3163 9.0
849 1989 9.0
850 1434 9.0
859 3061 9.0
876 2307 9.0
889 3810 9.0
895 1061 9.0
898 1037 9.0
913 1356 9.0
919 4846 9.0
925 4514 9.0
938 1537 9.0
942 1339 9.0
944 4306 9.0
946 3779 9.0
946 4951 9.0
950 1521 9.0
950 4538 9.0
954 1565 9.0
955 3125 9.0
955 4612 9.0
968 974 9.0
970 4902 9.0
982 1467 9.0
984 3304 9.0
998 2482 9.0
999 1027 9.0
1006 3888 9.0
1014 4324 9.0
1016 1802 9.0
1016 2384 9.0
1022 1148 9.0
1030 1999 9.0
1039 1878 9.0
1065 1773 9.0
1075 2508 9.0
1076 4277 9.0
1094 1948 9.0
1105 1758 9.0
1113 2036 9.0
1138 1876 9.0
1153 3048 9.0
1159 1761 9.0
1162 2681 9.0
1175 2163 9.0
1178 3860 9.0
1183 2431 9.0
1197 2815 9.0
1199 3314 9.0
1207 3944 9.0
1210 1463 9.0
1213 2143 9.0
1214 3013 9.0
1223 3970 9.0
1233 4181 9.0
1239 3826 9.0
1241 2978 9.0
1248 4180 9.0
1265 4563 9.0
1278 1444 9.0
1280 4346 9.0
1284 376 9.0
1288 2331 9.0
1291 1798 9.0
1298 4812 9.0
1307 3486 9.0
1315 2712 9.0
1316 3196 9.0
1316 3695 9.0
1318 3847 9.0
1320 3076 9.0
1331 1426 9.0
1341 1988 9.0
1351 2891 9.0
1368 1661 9.0
1379 2043 9.0
1380 3475 9.0
1393 3960 9.0
1402 4145 9.0
1409 2668 9.0
1410 3558 9.0
1410 4170 9.0
1412 4667 9.0
1413 1989 9.0
1413 3593 9.0
1417 4303 9.0
1476 1649 9.0
1485 565 9.0
1490 1987 9.0
1491 2183 9.0
1491 2723 9.0
1493 4524 9.0
1498 3332 9.0
1512 4933 9.0
1513 1740 9.0
1518 2662 9.0
1524 3347 9.0
1540 2678 9.0
1540 4754 9.0
1547 2759 9.0
1548 2888 9.0
1550 3969 9.0
1560 3123 9.0
1564 3679 9.0
1572 3454 9.0
1572 3455 9.0
1599 4189 9.0
1601 4872 9.0
1620 3648 9.0
1622 3696 9.0
1631 3080 9.0
1636 2790 9.0
1640 4445 9.0
1654 2328 9.0
1658 2270 9.0
1667 3373 9.0
1680 1767 9.0
1683 2908 9.0
1692 4900 9.0
1705 2475 9.0
1708 2057 9.0
1736 2886 9.0
1737 2031 9.0
1742 2240 9.0
1760 3711 9.0
1761 2967 9.0
1765 4763 9.0
1790 2294 9.0
1795 2423 9.0
1795 4736 9.0
1804 2800 9.0
1815 2995 9.0
1823 4162 9.0
1829 3044 9.0
1830 2884 9.0
1845 2254 9.0
1855 3918 9.0
1867 540 9.0
1867 3310 9.0
1886 4147 9.0
1889 3896 9.0
1891 3084 9.0
1902 3658 9.0
1905 2066 9.0
1905 2276 9.0
1911 3902 9.0
1923 3486 9.0
1925 3083 9.0
1936 3408 9.0
1936 3937 9.0
1984 3501 9.0
1985 3241 9.0
1993 4460 9.0
2009 4094 9.0
2017 4512 9.0
2032 4785 9.0
2036 2430 9.0
2078 3545 9.0
2078 3785 9.0
2083 2946 9.0
2102 3476 9.0
2139 102 9.0
2139 2667 9.0
2145 2810 9.0
2149 2927 9.0
2159 2814 9.0
2171 2859 9.0
2172 4079 9.0
2177 4443 9.0
2178 4374 9.0
2221 2598 9.0
2229 2378 9.0
2236 4430 9.0
2264 2322 9.0
2291 4065 9.0
2293 2819 9.0
2297 3852 9.0
2300 4408 9.0
2309 4138 9.0
2310 2382 9.0
2382 4323 9.0
2387 3084 9.0
2397 3865 9.0
2430 3851 9.0
2437 3231 9.0
2437 3238 9.0
2453 3190 9.0
2454 4398 9.0
2455 1709 9.0
2468 4808 9.0
2543 2611 9.0
2555 2678 9.0
2556 4739 9.0
2578 3037 9.0
2581 4030 9.0
2592 2757 9.0
2600 3438 9.0
2631 2962 9.0
2666 3092 9.0
2698 4125 9.0
2707 1439 9.0
2712 4569 9.0
2726 1215 9.0
2726 4632 9.0
2755 4028 9.0
2766 4678 9.0
2767 3660 9.0
2779 3533 9.0
2783 3933 9.0
2788 2931 9.0
2810 4970 9.0
2823 3410 9.0
2823 3783 9.0
2837 3060 9.0
2858 4763 9.0
2859 3539 9.0
2875 3125 9.0
2889 3143 9.0
2903 3274 9.0
2912 2957 9.0
2922 3489 9.0
2943 4437 9.0
2951 379 9.0
2955 1693 9.0
2973 4458 9.0
2984 4611 9.0
3000 3060 9.0
3031 1185 9.0
3060 4618 9.0
3084 4893 9.0
3091 4036 9.0
3105 4072 9.0
3131 4948 9.0
3174 4174 9.0
3207 4888 9.0
3283 3769 9.0
3300 4510 9.0
3301 3810 9.0
3319 3348 9.0
3342 4809 9.0
3368 4364 9.0
3377 745 9.0
3417 3753 9.0
3441 4251 9.0
3477 3818 9.0
3564 3787 9.0
3564 3945 9.0
3639 4408 9.0
3648 2320 9.0
3669 3938 9.0
3689 3854 9.0
3704 3830 9.0
3727 262 9.0
3732 4777 9.0
3754 4611 9.0
3755 4720 9.0
3812 1305 9.0
3871 3972 9.0
3880 4648 9.0
3966 4949 9.0
4066 4742 9.0
4086 4201 9.0
4099 4169 9.0
4125 4584 9.0
4170 4969 9.0
4212 4307 9.0
4225 4923 9.0
4278 4893 9.0
4290 4328 9.0
4322 4325 9.0
4328 4333 9.0
4441 4607 9.0
4589 1353 9.0
4598 4635 9.0
4720 4821 9.0
4796 3355 9.0
4800 4569 9.0
4827 341 9.0
4895 3219 9.0
3 4204 10.0
40 763 10.0
42 3127 10.0
53 4091 10.0
58 4131 10.0
59 2489 10.0
68 1663 10.0
78 3728 10.0
86 4287 10.0
106 2569 10.0
108 1921 10.0
114 2748 10.0
114 3608 10.0
138 200 10.0
153 623 10.0
158 1602 10.0
158 3905 10.0
161 3529 10.0
172 2519 10.0
181 4501 10.0
189 3277 10.0
198 3511 10.0
203 1351 10.0
216 1336 10.0
235 1265 10.0
237 4950 10.0
250 4268 10.0
252 2087 10.0
265 1405 10.0
272 3010 10.0
286 3722 10.0
290 2884 10.0
306 4503 10.0
315 2796 10.0
331 4120 10.0
333 840 10.0
355 1679 10.0
361 4015 10.0
363 2801 10.0
373 4877 10.0
377 857 10.0
381 775 10.0
414 1825 10.0
417 3956 10.0
445 4328 10.0
447 4613 10.0
448 3079 10.0
452 1472 10.0
454 4401 10.0
455 1039 10.0
463 1972 10.0
474 886 10.0
501 3636 10.0
517 4342 10.0
520 3777 10.0
550 861 10.0
553 783 10.0
563 4397 10.0
564 2075 10.0
564 3095 10.0
568 2319 10.0
572 683 10.0
584 3133 10.0
584 3225 10.0
590 1822 10.0
600 1974 10.0
604 4456 10.0
610 2325 10.0
614 2806 10.0
639 4720 10.0
645 1405 10.0
651 4310 10.0
652 540 10.0
661 1694 10.0
667 3538 10.0
679 1200 10.0
693 3971 10.0
699 4386 10.0
712 444 10.0
723 2681 10.0
740 4803 10.0
742 3439 10.0
751 1753 10.0
753 2250 10.0
763 2923 10.0
766 4448 10.0
768 3823 10.0
776 2428 10.0
785 4762 10.0
788 1475 10.0
793 3819 10.0
807 1148 10.0
808 3427 10.0
809 1881 10.0
821 3335 10.0
848 4880 10.0
865 2609 10.0
868 1802 10.0
887 1513 10.0
898 3752 10.0
931 2854 10.0
933 4533 10.0
949 2298 10.0
972 2365 10.0
972 4239 10.0
973 3423 10.0
989 1588 10.0
1018 2214 10.0
1037 3352 10.0
1037 4419 10.0
1044 3924 10.0
1046 3786 10.0
1071 2310 10.0
1073 1699 10.0
1074 2828 10.0
1085 2083 10.0
1092 3287 10.0
1092 4670 10.0
1094 2547 10.0
1096 4101 10.0
1114 1278 10.0
1122 4263 10.0
1128 2763 10.0
1147 1941 10.0
1148 4810 10.0
1152 4568 10.0
1162 4566 10.0
1162 4895 10.0
1177 3340 10.0
1183 2319 10.0
1204 3897 10.0
1212 3010 10.0
1217 3933 10.0
1220 2333 10.0
1223 1783 10.0
1228 4712 10.0
1235 4386 10.0
1244 2609 10.0
1246 3245 10.0
1251 4332 10.0
1254 2040 10.0
1255 2267 10.0
1258 1710 10.0
1278 2815 10.0
1280 2746 10.0
1289 3284 10.0
1289 4072 10.0
1307 4030 10.0
1334 4325 10.0
1348 3642 10.0
1359 4601 10.0
1368 3686 10.0
1372 3091 10.0
1380 2482 10.0
1384 1908 10.0
1390 1957 10.0
1391 3750 10.0
1391 4540 10.0
1399 4050 10.0
1405 3231 10.0
1409 3460 10.0
1468 1567 10.0
1481 2672 10.0
1486 2696 10.0
1486 3099 10.0
1495 2475 10.0
1495 4022 10.0
1499 756 10.0
1512 2326 10.0
1519 3626 10.0
1530 4963 10.0
1572 3438 10.0
1583 4639 10.0
1584 3739 10.0
1588 4213 10.0
1599 1783 10.0
1618 2367 10.0
1634 4271 10.0
1646 4502 10.0
1657 2529 10.0
1661 3249 10.0
1679 2537 10.0
1700 3299 10.0
1701 4607 10.0
1710 2360 10.0
1723 3791 10.0
1735 4541 10.0
1738 2967 10.0
1754 1788 10.0
1754 3601 10.0
1768 4964 10.0
1776 2303 10.0
1778 3180 10.0
1803 3856 10.0
1819 4182 10.0
1822 2336 10.0
1833 3964 10.0
1841 3219 10.0
1860 4318 10.0
1869 1894 10.0
1882 2072 10.0
1882 2318 10.0
1891 4913 10.0
1907 2730 10.0
1924 4420 10.0
1950 3161 10.0
1955 4442 10.0
1957 2143 10.0
1983 3617 10.0
2009 4424 10.0
2018 3269 10.0
2084 4812 10.0
2098 4551 10.0
2099 4727 10.0
2110 473 10.0
2160 4581 10.0
2164 4608 10.0
2184 3464 10.0
2205 3277 10.0
2236 3316 10.0
2250 3367 10.0
2257 2200 10.0
2261 3579 10.0
2261 4839 10.0
2267 2511 10.0
2269 2683 10.0
2271 4939 10.0
2272 4663 10.0
2275 4738 10.0
2286 2863 10.0
2299 3721 10.0
2305 4566 10.0
2313 4049 10.0
2337 675 10.0
2346 4498 10.0
2392 3661 10.0
2412 3841 10.0
2432 4445 10.0
2485 3322 10.0
2496 4814 10.0
2504 3325 10.0
2512 3235 10.0
2531 4014 10.0
2532 4372 10.0
2567 3351 10.0
2578 4402 10.0
2580 3310 10.0
2581 3035 10.0
2592 4240 10.0
2612 389 10.0
2629 3578 10.0
2630 2720 10.0
2632 4510 10.0
2660 679 10.0
2674 4385 10.0
2679 4009 10.0
2742 2791 10.0
2777 4837 10.0
2787 3013 10.0
2792 4733 10.0
2798 4185 10.0
2801 4622 10.0
2819 3896 10.0
2829 2812 10.0
2829 2963 10.0
2836 832 10.0
2859 4405 10.0
2876 4506 10.0
2881 3656 10.0
2899 3647 10.0
2901 3080 10.0
2919 4865 10.0
2926 4252 10.0
2939 3285 10.0
2994 4009 10.0
3009 4613 10.0
3023 3333 10.0
3038 4949 10.0
3062 3555 10.0
3065 4156 10.0
3084 4208 10.0
3128 4939 10.0
3134 3604 10.0
3169 3530 10.0
3178 4155 10.0
3212 3332 10.0
3214 4458 10.0
3235 4700 10.0
3248 4961 10.0
3296 3604 10.0
3305 3665 10.0
3330 3573 10.0
3378 4061 10.0
3387 2542 10.0
3421 4586 10.0
3434 4651 10.0
3435 3965 10.0
3453 3591 10.0
3502 3464 10.0
3539 4927 10.0
3567 3677 10.0
3578 4360 10.0
3634 4452 10.0
3649 4418 10.0
3702 4842 10.0
3745 4028 10.0
3784 3487 10.0
3793 4784 10.0
3807 4798 10.0
3820 4654 10.0
3915 4260 10.0
3920 623 10.0
3957 4303 10.0
3963 4613 10.0
4007 4951 10.0
4018 4129 10.0
4034 4704 10.0
4068 4476 10.0
4075 1956 10.0
4181 2198 10.0
4193 4546 10.0
4211 4517 10.0
4214 4819 10.0
4223 1921 10.0
4362 4900 10.0
4448 4647 10.0
4468 4498 10.0
4476 2189 10.0
4541 3536 10.0
4635 2537 10.0
4709 4921 10.0
4778 3443 10.0
4846 1865 10.0
4857 4936 10.0
4971 4237 10.0
4 4279 11.0
9 1434 11.0
12 68 11.0
17 2635 11.0
18 1387 11.0
40 1896 11.0
45 95 11.0
52 4647 11.0
71 4203 11.0
71 4898 11.0
88 716 11.0
106 2442 11.0
112 3075 11.0
116 4337 11.0
137 2991 11.0
140 504 11.0
143 932 11.0
161 715 11.0
197 3954 11.0
202 333 11.0
206 2759 11.0
220 1099 11.0
224 4936 11.0
231 2135 11.0
248 1916 11.0
271 2330 11.0
305 1499 11.0
310 698 11.0
319 1619 11.0
328 1545 11.0
329 3003 11.0
351 2328 11.0
374 1597 11.0
383 1012 11.0
414 4285 11.0
424 2673 11.0
426 4881 11.0
437 1591 11.0
452 3105 11.0
460 4916 11.0
462 3033 11.0
464 1410 11.0
470 1368 11.0
477 2839 11.0
478 1087 11.0
481 1498 11.0
490 3840 11.0
539 2086 11.0
551 1322 11.0
608 3105 11.0
611 1122 11.0
612 2002 11.0
614 2647 11.0
618 781 11.0
633 1343 11.0
634 1958 11.0
642 4809 11.0
660 2108 11.0
664 3110 11.0
667 3080 11.0
694 836 11.0
696 1687 11.0
696 2158 11.0
702 2802 11.0
733 2025 11.0
775 1150 11.0
779 3077 11.0
875 3808 11.0
886 3214 11.0
898 384 11.0
903 2130 11.0
1015 4231 11.0
1027 1125 11.0
1065 3318 11.0
1084 1624 11.0
1094 3770 11.0
1097 3406 11.0
1107 4616 11.0
1151 1707 11.0
1151 3225 11.0
1166 2523 11.0
1166 4318 11.0
1178 2192 11.0
1180 4011 11.0
1223 4579 11.0
1236 2309 11.0
1238 1524 11.0
1251 1666 11.0
1261 4482 11.0
1267 3615 11.0
1288 2411 11.0
1310 4049 11.0
1332 1529 11.0
1402 2505 11.0
1414 4763 11.0
1416 4866 11.0
1427 3859 11.0
1473 2765 11.0
1475 2503 11.0
1507 1523 11.0
1560 2861 11.0
1568 4201 11.0
1600 4902 11.0
1601 3983 11.0
1605 4308 11.0
1605 4687 11.0
1632 3804 11.0
1653 4094 11.0
1662 2618 11.0
1664 4491 11.0
1676 3846 11.0
1691 4847 11.0
1697 1967 11.0
1753 3225 11.0
1806 3532 11.0
1814 2319 11.0
1819 3087 11.0
1828 764 11.0
1847 2122 11.0
1856 2228 11.0
1922 2056 11.0
1958 2839 11.0
2116 3807 11.0
2119 3666 11.0
2121 4192 11.0
2131 2675 11.0
2159 3165 11.0
2226 2296 11.0
2252 3196 11.0
2257 3776 11.0
2273 3992 11.0
2286 4006 11.0
2300 712 11.0
2349 3672 11.0
2377 3244 11.0
2386 4442 11.0
2395 4185 11.0
2399 4497 11.0
2462 4970 11.0
2474 285 11.0
2482 4594 11.0
2485 3064 11.0
2505 3251 11.0
2507 4697 11.0
2548 2655 11.0
2555 2802 11.0
2577 2666 11.0
2579 3763 11.0
2624 3464 11.0
2625 4623 11.0
2629 3253 11.0
2629 4603 11.0
2650 3597 11.0
2654 3734 11.0
2669 4470 11.0
2725 3169 11.0
2733 4230 11.0
2750 2795 11.0
2755 2892 11.0
2757 4453 11.0
2758 2148 11.0
2770 2961 11.0
2806 3038 11.0
2864 3783 11.0
2868 4961 11.0
2889 3551 11.0
2916 3315 11.0
2917 3128 11.0
2920 3203 11.0
3002 3116 11.0
3002 4217 11.0
3004 4352 11.0
3022 3171 11.0
3051 2706 11.0
3063 4211 11.0
3067 4731 11.0
3086 3134 11.0
3105 4138 11.0
3130 3670 11.0
3158 3545 11.0
3159 3646 11.0
3183 2730 11.0
3210 3937 11.0
3272 4951 11.0
3388 4587 11.0
3496 2888 11.0
3557 4807 11.0
3660 4491 11.0
3676 4683 11.0
3741 4000 11.0
3765 2785 11.0
3830 4763 11.0
3845 765 11.0
3896 4353 11.0
3929 4944 11.0
3994 4594 11.0
4024 638 11.0
4048 4688 11.0
4067 3566 11.0
4139 365 11.0
4146 4669 11.0
4161 4267 11.0
4279 4933 11.0
4303 4757 11.0
4310 4611 11.0
4333 4597 11.0
4357 2665 11.0
4695 250 11.0
4806 1448 11.0
4873 3733 11.0
4874 2549 11.0
4912 2279 11.0
4942 4586 11.0
6 660 12.0
13 684 12.0
37 4825 12.0
42 3886 12.0
45 2171 12.0
79 3488 12.0
88 3595 12.0
93 236 12.0
94 1746 12.0
100 3266 12.0
119 2112 12.0
130 845 12.0
130 3569 12.0
133 4875 12.0
137 1631 12.0
179 636 12.0
203 261 12.0
226 3820 12.0
239 3928 12.0
242 3927 12.0
253 2839 12.0
263 1140 12.0
266 1939 12.0
269 337 12.0
273 603 12.0
328 147 12.0
331 483 12.0
382 4819 12.0
392 2918 12.0
392 4295 12.0
417 1512 12.0
418 3690 12.0
422 557 12.0
426 3095 12.0
460 693 12.0
482 4029 12.0
483 1648 12.0
495 1738 12.0
521 1160 12.0
527 980 12.0
546 2892 12.0
573 2349 12.0
581 4201 12.0
610 2668 12.0
651 1860 12.0
659 4657 12.0
669 2985 12.0
680 3279 12.0
693 1106 12.0
716 2158 12.0
719 2529 12.0
776 4887 12.0
800 1926 12.0
818 2792 12.0
825 2986 12.0
829 4378 12.0
834 2978 12.0
850 1282 12.0
868 4619 12.0
871 4136 12.0
896 1412 12.0
896 1946 12.0
900 3195 12.0
911 1180 12.0
915 791 12.0
920 2877 12.0
921 982 12.0
927 2514 12.0
931 4939 12.0
932 4713 12.0
999 1500 12.0
1042 4517 12.0
1066 2329 12.0
1078 2333 12.0
1107 4128 12.0
1143 3927 12.0
1154 2918 12.0
1182 1954 12.0
1199 2398 12.0
1220 4693 12.0
1272 3649 12.0
1300 4166 12.0
1321 2120 12.0
1456 3160 12.0
1509 3104 12.0
1530 3101 12.0
1545 3472 12.0
1577 1639 12.0
1593 2581 12.0
1604 3816 12.0
1647 2651 12.0
1655 1760 12.0
1657 4073 12.0
1667 4033 12.0
1674 2811 12.0
1676 3638 12.0
1713 1946 12.0
1724 3884 12.0
1746 3020 12.0
1746 4658 12.0
1870 4921 12.0
1965 1411 12.0
2002 2202 12.0
2012 2696 12.0
2032 3992 12.0
2107 2934 12.0
2110 2769 12.0
2149 1589 12.0
2310 3473 12.0
2323 4326 12.0
2390 1470 12.0
2424 3828 12.0
2507 3656 12.0
2538 3289 12.0
2597 3474 12.0
2622 3683 12.0
2794 4241 12.0
2856 2868 12.0
2906 4897 12.0
2921 3676 12.0
2991 4596 12.0
2998 122 12.0
3031 4343 12.0
3032 3221 12.0
3130 4891 12.0
3130 4936 12.0
3146 3253 12.0
3155 3496 12.0
3177 3635 12.0
3178 354 12.0
3178 4288 12.0
3210 4565 12.0
3251 3259 12.0
3265 1722 12.0
3325 4698 12.0
3332 4685 12.0
3380 828 12.0
3421 4275 12.0
3461 547 12.0
3729 4102 12.0
3906 1909 12.0
4047 3319 12.0
4128 2784 12.0
4147 4438 12.0
4318 4751 12.0
4645 1421 12.0
4723 3131 12.0
79 4185 13.0
93 503 13.0
95 2193 13.0
118 4945 13.0
120 3820 13.0
139 3899 13.0
143 3301 13.0
167 1819 13.0
177 4295 13.0
207 3189 13.0
227 937 13.0
228 1872 13.0
242 2041 13.0
244 2683 13.0
244 3406 13.0
272 4556 13.0
273 4157 13.0
275 2383 13.0
284 551 13.0
286 3436 13.0
299 2595 13.0
310 4252 13.0
344 2441 13.0
347 4306 13.0
359 1083 13.0
370 4182 13.0
441 822 13.0
495 2093 13.0
505 4953 13.0
510 2834 13.0
512 2294 13.0
538 3721 13.0
543 354 13.0
600 1090 13.0
600 3600 13.0
637 4397 13.0
640 3168 13.0
671 3387 13.0
721 4648 13.0
723 2003 13.0
762 853 13.0
788 1530 13.0
816 4272 13.0
818 4792 13.0
845 4006 13.0
866 3353 13.0
869 3743 13.0
895 1238 13.0
967 4324 13.0
993 2025 13.0
1031 2787 13.0
1035 3616 13.0
1036 1143 13.0
1097 1670 13.0
1122 1708 13.0
1150 2913 13.0
1170 1833 13.0
1173 4657 13.0
1214 1545 13.0
1295 3203 13.0
1317 3500 13.0
1461 2747 13.0
1461 2884 13.0
1507 2588 13.0
1529 4230 13.0
1755 3120 13.0
1794 987 13.0
1868 670 13.0
1957 4148 13.0
1963 2895 13.0
1973 2378 13.0
1973 3066 13.0
2023 2742 13.0
2051 3929 13.0
2122 2860 13.0
2131 4071 13.0
2142 4710 13.0
2252 4153 13.0
2354 4204 13.0
2371 3057 13.0
2399 251 13.0
2424 4724 13.0
2462 3228 13.0
2462 4463 13.0
2489 3987 13.0
2507 4585 13.0
2572 4510 13.0
2582 3945 13.0
2640 3692 13.0
2681 3007 13.0
2834 4829 13.0
2862 3475 13.0
2865 2614 13.0
2867 790 13.0
2889 3414 13.0
2982 247 13.0
3010 3635 13.0
3044 3588 13.0
3085 1198 13.0
3096 2800 13.0
3113 3396 13.0
3127 4153 13.0
3177 3942 13.0
3705 4542 13.0
3713 2698 13.0
3729 4004 13.0
3930 4710 13.0
3937 3605 13.0
4073 4436 13.0
4113 3948 13.0
4300 4476 13.0
4406 3445 13.0
4447 4673 13.0
4822 3098 13.0
35 1360 14.0
36 3861 14.0
85 3150 14.0
94 2919 14.0
118 3791 14.0
128 2640 14.0
133 2655 14.0
136 559 14.0
209 4035 14.0
215 1883 14.0
239 2589 14.0
248 3014 14.0
282 2821 14.0
284 4327 14.0
294 2412 14.0
350 3861 14.0
394 768 14.0
442 3556 14.0
448 2703 14.0
465 3600 14.0
533 3774 14.0
546 2313 14.0
556 4953 14.0
611 3588 14.0
646 4209 14.0
688 984 14.0
708 622 14.0
732 1530 14.0
760 2502 14.0
778 1983 14.0
789 2834 14.0
800 3069 14.0
835 3747 14.0
871 4192 14.0
943 4241 14.0
953 4208 14.0
981 1445 14.0
1108 2424 14.0
1173 1997 14.0
1182 4230 14.0
1242 2486 14.0
1242 2497 14.0
1279 4398 14.0
1281 3702 14.0
1291 3284 14.0
1337 4353 14.0
1352 3542 14.0
1426 4109 14.0
1438 250 14.0
1456 3168 14.0
1489 1849 14.0
1519 4528 14.0
1637 2878 14.0
1650 3821 14.0
1650 4629 14.0
1787 4156 14.0
1917 3031 14.0
1959 3396 14.0
1976 4932 14.0
1996 2795 14.0
2068 1077 14.0
2136 3859 14.0
2150 3822 14.0
2209 124 14.0
2285 4297 14.0
2380 3861 14.0
2392 2394 14.0
2465 3901 14.0
2538 3725 14.0
2596 4735 14.0
2736 2948 14.0
2737 3926 14.0
2765 3392 14.0
2982 4163 14.0
2987 3959 14.0
2988 3442 14.0
3092 1193 14.0
3163 2385 14.0
3164 3217 14.0
3440 3301 14.0
3615 4370 14.0
3627 4453 14.0
3946 2180 14.0
4297 369 14.0
4428 4512 14.0
4486 4712 14.0
4570 4712 14.0
4690 696 14.0
77 2644 15.0
99 604 15.0
150 4663 15.0
152 1883 15.0
170 2665 15.0
191 272 15.0
228 506 15.0
256 4296 15.0
273 1685 15.0
291 3500 15.0
304 2713 15.0
307 903 15.0
316 2252 15.0
370 2811 15.0
392 3151 15.0
505 1999 15.0
506 721 15.0
522 147 15.0
535 2243 15.0
674 1561 15.0
699 3636 15.0
732 2508 15.0
736 3774 15.0
872 2675 15.0
952 663 15.0
1080 2921 15.0
1108 2009 15.0
1154 1377 15.0
1154 4672 15.0
1154 4873 15.0
1237 2945 15.0
1321 4648 15.0
1331 3172 15.0
1397 2571 15.0
1429 2271 15.0
1459 3565 15.0
1466 2144 15.0
1518 3021 15.0
1555 2792 15.0
1596 689 15.0
1613 2694 15.0
1617 4674 15.0
1619 4616 15.0
1627 3408 15.0
1669 3421 15.0
1742 4373 15.0
1976 2051 15.0
1983 4068 15.0
2012 3893 15.0
2066 3996 15.0
2118 3715 15.0
2122 2192 15.0
2150 2431 15.0
2195 3317 15.0
2274 3411 15.0
2285 3206 15.0
2395 746 15.0
2441 4112 15.0
2603 3615 15.0
2644 3576 15.0
2751 2799 15.0
2751 3981 15.0
2792 2934 15.0
2948 3600 15.0
3004 4853 15.0
3021 159 15.0
3106 3330 15.0
3216 4482 15.0
3366 4710 15.0
3439 3649 15.0
3899 4073 15.0
4377 4835 15.0
4621 4820 15.0
4757 4820 15.0
4811 3067 15.0
45 917 16.0
45 1234 16.0
46 4375 16.0
57 2421 16.0
161 1675 16.0
161 2842 16.0
231 4554 16.0
264 1674 16.0
286 4444 16.0
310 2571 16.0
327 3120 16.0
359 1343 16.0
443 3613 16.0
694 2128 16.0
846 1251 16.0
846 4065 16.0
861 1859 16.0
872 3448 16.0
993 2663 16.0
1015 2486 16.0
1035 1300 16.0
1065 3404 16.0
1268 4925 16.0
1426 3565 16.0
1447 4378 16.0
1509 3546 16.0
1571 4275 16.0
1657 2214 16.0
1663 2703 16.0
1669 3052 16.0
1724 3207 16.0
1731 3646 16.0
1849 4489 16.0
1938 1723 16.0
2074 4309 16.0
2142 3946 16.0
2207 2340 16.0
2214 3707 16.0
2289 3442 16.0
2302 2795 16.0
2380 4294 16.0
2383 573 16.0
2416 4386 16.0
2421 3587 16.0
2465 3749 16.0
2468 3584 16.0
2503 2764 16.0
2798 3616 16.0
2878 4807 16.0
2988 4953 16.0
3212 4873 16.0
4052 3265 16.0
4193 2226 16.0
4239 4686 16.0
4504 3758 16.0
4878 3784 16.0
43 972 17.0
128 4362 17.0
209 1191 17.0
260 2120 17.0
269 1582 17.0
346 2497 17.0
481 3324 17.0
482 1122 17.0
635 1029 17.0
690 1015 17.0
715 2819 17.0
722 659 17.0
742 3787 17.0
1268 3427 17.0
1397 1613 17.0
1403 416 17.0
1403 3271 17.0
1516 1518 17.0
1578 336 17.0
1597 1637 17.0
1809 4583 17.0
1960 2811 17.0
1970 3168 17.0
2091 3069 17.0
2092 4731 17.0
2125 3861 17.0
2434 4352 17.0
2571 4590 17.0
2663 3936 17.0
2949 3819 17.0
3587 4708 17.0
3647 261 17.0
3804 4134 17.0
3862 4314 17.0
4076 2612 17.0
4708 4887 17.0
80 1999 18.0
248 767 18.0
330 1385 18.0
346 969 18.0
494 2235 18.0
586 3259 18.0
688 3914 18.0
694 2411 18.0
1312 4521 18.0
1337 2468 18.0
1447 4447 18.0
1466 2091 18.0
1466 4314 18.0
2133 4910 18.0
2207 3342 18.0
2208 3372 18.0
2421 4840 18.0
2486 4375 18.0
2561 2889 18.0
2721 1633 18.0
2956 4378 18.0
3247 1747 18.0
3478 2781 18.0
3546 457 18.0
43 1003 19.0
80 1495 19.0
149 2638 19.0
570 1073 19.0
1256 1583 19.0
1276 3274 19.0
1385 3167 19.0
1480 4129 19.0
2044 3470 19.0
2133 4422 19.0
3362 3855 19.0
3404 3814 19.0
3796 153 19.0
4688 4890 19.0
120 3317 20.0
330 4911 20.0
403 1073 20.0
462 3211 20.0
646 3584 20.0
1169 392 20.0
1268 2307 20.0
1317 2392 20.0
1317 4235 20.0
1508 2092 20.0
1666 4649 20.0
2570 3356 20.0
2694 3872 20.0
2720 3167 20.0
4166 4684 20.0
77 1414 21.0
162 2295 21.0
385 4068 21.0
1544 1853 21.0
2434 4692 21.0
3224 3595 21.0
3444 4686 21.0
3595 4105 21.0
3649 2436 21.0
4243 3696 21.0
4375 4190 21.0
4395 3914 21.0
226 1960 22.0
509 2660 22.0
591 1489 22.0
967 2767 22.0
1628 4693 22.0
1922 2590 22.0
3500 3975 22.0
3703 3863 22.0
4377 4824 22.0
0 3033 23.0
535 3557 23.0
2335 1123 23.0
3264 4186 23.0
3749 3093 23.0
4666 4824 23.0
1050 153 24.0
3557 3827 24.0
34 1886 25.0
103 539 25.0
346 4134 25.0
3674 951 25.0
3820 3998 25.0
1509 4688 26.0
2108 1310 26.0
2687 1360 26.0
3625 2611 26.0
3863 4489 26.0
4815 2749 26.0
1003 2137 27.0
3364 3799 27.0
3782 4441 27.0
4650 760 27.0
1632 4862 29.0
3512 462 29.0
3804 2662 29.0
3773 3814 34.0
3457 978 35.0
682 763 37.0
8 0 41.0
1324 1447 41.0
4019 3649 43.0
