0 1523 1.0
1 761 1.0
1 1369 1.0
2 990 1.0
4 6 1.0
4 1357 1.0
4 1789 1.0
5 8 1.0
5 624 1.0
5 1513 1.0
5 1695 1.0
6 9 1.0
6 1001 1.0
6 1358 1.0
6 1790 1.0
7 219 1.0
7 627 1.0
7 1131 1.0
7 1463 1.0
8 10 1.0
8 625 1.0
8 1698 1.0
9 11 1.0
9 999 1.0
9 1353 1.0
9 1792 1.0
10 12 1.0
10 626 1.0
10 1510 1.0
10 1697 1.0
11 13 1.0
11 1000 1.0
11 1355 1.0
11 1794 1.0
12 14 1.0
12 628 1.0
12 1699 1.0
13 15 1.0
13 998 1.0
13 1359 1.0
13 1785 1.0
14 630 1.0
17 27 1.0
18 1088 1.0
19 22 1.0
19 1084 1.0
20 1191 1.0
21 22 1.0
21 23 1.0
21 1076 1.0
22 1078 1.0
23 1075 1.0
23 1121 1.0
24 1841 1.0
25 537 1.0
26 27 1.0
26 1008 1.0
26 1333 1.0
27 1004 1.0
27 1335 1.0
32 34 1.0
32 1148 1.0
32 1291 1.0
32 1526 1.0
33 1620 1.0
34 36 1.0
34 1146 1.0
34 1290 1.0
36 1071 1.0
36 1147 1.0
36 1288 1.0
36 1528 1.0
37 39 1.0
38 47 1.0
38 538 1.0
38 913 1.0
39 40 1.0
39 1010 1.0
40 498 1.0
41 44 1.0
41 53 1.0
41 400 1.0
41 536 1.0
41 914 1.0
42 54 1.0
42 1453 1.0
43 45 1.0
43 1376 1.0
43 1690 1.0
44 401 1.0
44 538 1.0
46 1234 1.0
47 49 1.0
47 1205 1.0
48 1686 1.0
49 50 1.0
49 534 1.0
49 915 1.0
49 1452 1.0
50 54 1.0
50 544 1.0
50 917 1.0
50 1451 1.0
51 53 1.0
52 1676 1.0
53 403 1.0
54 542 1.0
54 1454 1.0
55 62 1.0
56 559 1.0
57 58 1.0
57 1027 1.0
57 1050 1.0
58 60 1.0
58 1028 1.0
58 1051 1.0
58 1464 1.0
59 566 1.0
59 606 1.0
60 61 1.0
60 1025 1.0
60 1048 1.0
60 1315 1.0
61 1026 1.0
61 1049 1.0
61 1316 1.0
62 1422 1.0
62 1541 1.0
64 65 1.0
64 73 1.0
64 821 1.0
64 1032 1.0
64 1364 1.0
65 830 1.0
65 1031 1.0
66 623 1.0
67 703 1.0
68 1011 1.0
69 822 1.0
69 1024 1.0
70 71 1.0
70 824 1.0
70 1020 1.0
70 1362 1.0
71 72 1.0
71 817 1.0
71 1366 1.0
71 1713 1.0
72 73 1.0
72 818 1.0
72 1019 1.0
72 1368 1.0
73 819 1.0
73 1033 1.0
73 1363 1.0
74 127 1.0
75 934 1.0
78 1307 1.0
80 698 1.0
80 1292 1.0
83 84 1.0
83 942 1.0
83 1395 1.0
84 86 1.0
84 1394 1.0
85 87 1.0
85 1838 1.0
86 635 1.0
86 1393 1.0
89 587 1.0
91 92 1.0
91 951 1.0
91 1562 1.0
92 93 1.0
92 806 1.0
92 1564 1.0
93 94 1.0
93 807 1.0
93 950 1.0
93 1404 1.0
94 95 1.0
94 1558 1.0
95 804 1.0
97 100 1.0
97 931 1.0
97 1060 1.0
97 1411 1.0
98 102 1.0
98 867 1.0
98 925 1.0
98 1196 1.0
99 100 1.0
99 109 1.0
99 924 1.0
99 1413 1.0
100 928 1.0
100 1409 1.0
100 1502 1.0
101 102 1.0
101 103 1.0
101 938 1.0
101 1618 1.0
102 864 1.0
102 922 1.0
102 1197 1.0
103 862 1.0
103 936 1.0
103 1616 1.0
107 1310 1.0
108 1626 1.0
109 923 1.0
109 1058 1.0
109 1412 1.0
112 115 1.0
112 969 1.0
112 1255 1.0
112 1579 1.0
114 115 1.0
114 970 1.0
114 1251 1.0
114 1577 1.0
115 968 1.0
115 1254 1.0
115 1578 1.0
116 117 1.0
116 957 1.0
117 960 1.0
118 512 1.0
119 967 1.0
120 121 1.0
120 123 1.0
120 498 1.0
121 841 1.0
122 123 1.0
122 502 1.0
122 838 1.0
123 499 1.0
123 839 1.0
124 815 1.0
125 126 1.0
125 813 1.0
125 988 1.0
126 832 1.0
126 977 1.0
126 1593 1.0
127 975 1.0
130 1193 1.0
131 1114 1.0
132 133 1.0
132 136 1.0
132 1155 1.0
132 1481 1.0
133 996 1.0
133 1156 1.0
134 135 1.0
134 999 1.0
135 136 1.0
135 1478 1.0
136 1129 1.0
136 1479 1.0
137 138 1.0
137 141 1.0
137 963 1.0
138 145 1.0
138 965 1.0
139 1143 1.0
141 962 1.0
142 1085 1.0
142 1486 1.0
143 146 1.0
144 155 1.0
144 1145 1.0
145 147 1.0
145 967 1.0
145 1204 1.0
146 1482 1.0
147 1124 1.0
147 1200 1.0
148 1498 1.0
149 783 1.0
149 1231 1.0
152 1144 1.0
154 1011 1.0
156 159 1.0
157 504 1.0
158 668 1.0
160 464 1.0
160 1030 1.0
160 1718 1.0
161 460 1.0
161 1033 1.0
162 1031 1.0
162 1721 1.0
164 175 1.0
164 466 1.0
164 1118 1.0
165 169 1.0
165 771 1.0
165 1247 1.0
165 1440 1.0
166 169 1.0
166 767 1.0
166 1249 1.0
166 1450 1.0
167 170 1.0
167 1148 1.0
168 171 1.0
168 496 1.0
168 1151 1.0
169 769 1.0
169 1246 1.0
169 1442 1.0
170 172 1.0
171 494 1.0
171 1152 1.0
172 616 1.0
172 1646 1.0
174 175 1.0
174 475 1.0
175 476 1.0
175 1780 1.0
176 178 1.0
176 1522 1.0
177 223 1.0
177 593 1.0
177 927 1.0
177 1109 1.0
177 1725 1.0
179 1064 1.0
181 1043 1.0
182 183 1.0
182 553 1.0
182 1467 1.0
183 1521 1.0
186 947 1.0
191 1056 1.0
191 1188 1.0
191 1518 1.0
192 1096 1.0
194 195 1.0
194 455 1.0
195 454 1.0
196 197 1.0
196 1627 1.0
197 1127 1.0
198 1617 1.0
199 959 1.0
199 1094 1.0
200 201 1.0
200 566 1.0
201 202 1.0
201 568 1.0
202 204 1.0
202 1192 1.0
204 207 1.0
204 571 1.0
205 1162 1.0
207 575 1.0
211 1105 1.0
212 968 1.0
212 1242 1.0
213 215 1.0
213 1086 1.0
214 1055 1.0
215 216 1.0
215 727 1.0
215 1082 1.0
215 1499 1.0
217 220 1.0
217 1106 1.0
219 617 1.0
219 1111 1.0
221 223 1.0
221 982 1.0
222 1097 1.0
223 556 1.0
223 980 1.0
223 1042 1.0
224 242 1.0
224 1230 1.0
225 860 1.0
226 227 1.0
226 253 1.0
226 868 1.0
226 1199 1.0
227 229 1.0
227 867 1.0
228 1013 1.0
229 1585 1.0
230 232 1.0
230 235 1.0
230 626 1.0
230 649 1.0
231 839 1.0
232 646 1.0
232 973 1.0
234 235 1.0
234 283 1.0
235 648 1.0
236 237 1.0
236 240 1.0
236 1221 1.0
236 1346 1.0
237 241 1.0
237 1228 1.0
237 1348 1.0
238 1555 1.0
240 1087 1.0
240 1219 1.0
241 246 1.0
241 899 1.0
241 1229 1.0
242 331 1.0
242 1231 1.0
243 245 1.0
243 1254 1.0
243 1520 1.0
244 245 1.0
244 1252 1.0
246 908 1.0
246 1089 1.0
246 1258 1.0
248 249 1.0
248 252 1.0
248 1239 1.0
248 1389 1.0
248 1803 1.0
249 250 1.0
249 1235 1.0
249 1384 1.0
249 1805 1.0
250 251 1.0
250 1236 1.0
250 1386 1.0
250 1806 1.0
251 1232 1.0
251 1379 1.0
253 1171 1.0
255 1105 1.0
256 260 1.0
257 617 1.0
258 1099 1.0
258 1325 1.0
259 781 1.0
259 1224 1.0
260 1244 1.0
263 806 1.0
264 265 1.0
264 1178 1.0
264 1269 1.0
264 1767 1.0
265 266 1.0
265 792 1.0
265 1756 1.0
266 267 1.0
266 788 1.0
266 1177 1.0
266 1267 1.0
267 790 1.0
267 1176 1.0
269 271 1.0
269 530 1.0
269 1602 1.0
270 557 1.0
271 528 1.0
271 1600 1.0
274 277 1.0
274 492 1.0
274 1266 1.0
277 515 1.0
278 279 1.0
278 282 1.0
278 632 1.0
278 1150 1.0
278 1237 1.0
279 1157 1.0
279 1233 1.0
280 1508 1.0
281 1405 1.0
282 631 1.0
282 1149 1.0
283 1696 1.0
284 286 1.0
285 287 1.0
285 289 1.0
285 1290 1.0
285 1829 1.0
286 1115 1.0
286 1287 1.0
287 1824 1.0
288 289 1.0
288 291 1.0
288 1285 1.0
288 1418 1.0
288 1820 1.0
289 1408 1.0
290 291 1.0
290 1284 1.0
290 1415 1.0
290 1823 1.0
291 1416 1.0
291 1818 1.0
292 311 1.0
292 1042 1.0
292 1784 1.0
296 1162 1.0
296 1319 1.0
297 1161 1.0
298 299 1.0
298 301 1.0
298 1565 1.0
299 1561 1.0
300 301 1.0
300 302 1.0
300 677 1.0
300 1022 1.0
301 678 1.0
301 1563 1.0
302 1567 1.0
303 556 1.0
303 1171 1.0
304 1685 1.0
304 1751 1.0
305 306 1.0
305 1178 1.0
305 1302 1.0
306 592 1.0
306 1179 1.0
307 326 1.0
307 1125 1.0
307 1314 1.0
308 590 1.0
309 1170 1.0
314 1068 1.0
314 1265 1.0
315 650 1.0
315 1067 1.0
315 1264 1.0
315 1766 1.0
316 319 1.0
316 653 1.0
316 1061 1.0
316 1268 1.0
316 1761 1.0
319 320 1.0
319 1259 1.0
320 607 1.0
320 1074 1.0
320 1801 1.0
324 948 1.0
324 1347 1.0
325 880 1.0
325 1100 1.0
326 1124 1.0
326 1313 1.0
327 1202 1.0
329 330 1.0
329 332 1.0
329 827 1.0
329 1094 1.0
329 1206 1.0
330 1095 1.0
330 1209 1.0
331 332 1.0
331 1091 1.0
332 828 1.0
332 1092 1.0
332 1207 1.0
333 925 1.0
334 336 1.0
334 338 1.0
334 1688 1.0
336 1685 1.0
338 710 1.0
339 961 1.0
339 1209 1.0
341 1494 1.0
342 343 1.0
342 957 1.0
343 1202 1.0
345 700 1.0
345 1233 1.0
347 348 1.0
347 1240 1.0
349 352 1.0
349 1222 1.0
350 993 1.0
351 623 1.0
351 1220 1.0
353 356 1.0
353 771 1.0
353 1368 1.0
353 1460 1.0
355 356 1.0
355 1459 1.0
359 364 1.0
359 433 1.0
359 1376 1.0
361 1378 1.0
361 1475 1.0
362 730 1.0
364 1469 1.0
366 367 1.0
366 1379 1.0
369 370 1.0
369 1389 1.0
371 1269 1.0
372 1399 1.0
373 750 1.0
373 932 1.0
373 1268 1.0
373 1406 1.0
374 1267 1.0
374 1410 1.0
374 1447 1.0
375 376 1.0
375 923 1.0
375 1263 1.0
376 377 1.0
376 745 1.0
376 1264 1.0
377 748 1.0
377 1270 1.0
378 380 1.0
378 1286 1.0
379 1394 1.0
383 1287 1.0
384 385 1.0
385 389 1.0
386 389 1.0
386 1522 1.0
387 892 1.0
387 1420 1.0
390 1358 1.0
390 1727 1.0
391 1355 1.0
392 920 1.0
392 1392 1.0
393 396 1.0
393 926 1.0
394 396 1.0
394 398 1.0
396 519 1.0
396 929 1.0
396 1322 1.0
397 398 1.0
398 1321 1.0
399 401 1.0
399 894 1.0
399 1859 1.0
400 890 1.0
400 1862 1.0
401 889 1.0
401 1861 1.0
403 888 1.0
404 405 1.0
404 712 1.0
404 985 1.0
404 1297 1.0
405 407 1.0
405 711 1.0
405 983 1.0
406 1298 1.0
407 408 1.0
407 709 1.0
407 984 1.0
408 718 1.0
408 979 1.0
409 444 1.0
410 510 1.0
410 835 1.0
411 412 1.0
412 1401 1.0
416 417 1.0
416 1027 1.0
416 1161 1.0
417 419 1.0
417 1163 1.0
418 1314 1.0
419 1165 1.0
420 1308 1.0
421 1312 1.0
421 1391 1.0
421 1747 1.0
424 425 1.0
424 670 1.0
425 662 1.0
425 1340 1.0
427 429 1.0
427 431 1.0
428 975 1.0
430 431 1.0
430 1096 1.0
431 1097 1.0
431 1328 1.0
432 434 1.0
432 977 1.0
432 1327 1.0
432 1496 1.0
434 672 1.0
434 978 1.0
434 1325 1.0
435 436 1.0
437 989 1.0
438 439 1.0
439 937 1.0
439 1194 1.0
440 441 1.0
440 933 1.0
440 1214 1.0
441 1215 1.0
442 1301 1.0
443 1213 1.0
444 1296 1.0
444 1422 1.0
445 1345 1.0
446 447 1.0
446 1344 1.0
449 450 1.0
449 1407 1.0
451 646 1.0
452 455 1.0
452 1255 1.0
453 468 1.0
454 471 1.0
457 1086 1.0
457 1487 1.0
458 459 1.0
458 1415 1.0
459 460 1.0
460 461 1.0
461 939 1.0
461 1827 1.0
462 465 1.0
462 1810 1.0
463 465 1.0
463 1325 1.0
464 1414 1.0
465 1329 1.0
465 1497 1.0
466 469 1.0
466 1555 1.0
468 473 1.0
468 932 1.0
468 1503 1.0
468 1853 1.0
469 1553 1.0
471 1594 1.0
472 473 1.0
472 928 1.0
472 1851 1.0
475 981 1.0
475 1549 1.0
476 987 1.0
476 1550 1.0
477 984 1.0
483 484 1.0
484 1517 1.0
485 1308 1.0
485 1814 1.0
489 896 1.0
489 1413 1.0
491 545 1.0
494 507 1.0
494 1441 1.0
496 497 1.0
496 1437 1.0
497 1438 1.0
499 1762 1.0
500 503 1.0
500 1431 1.0
501 504 1.0
502 1754 1.0
503 505 1.0
505 1773 1.0
506 1013 1.0
507 1439 1.0
508 1433 1.0
511 513 1.0
511 1442 1.0
515 516 1.0
515 1422 1.0
515 1448 1.0
516 1410 1.0
518 1363 1.0
518 1709 1.0
519 1557 1.0
520 523 1.0
521 804 1.0
522 1344 1.0
522 1548 1.0
524 540 1.0
524 1755 1.0
525 526 1.0
525 1378 1.0
525 1684 1.0
526 527 1.0
526 1686 1.0
527 528 1.0
527 1679 1.0
528 1473 1.0
528 1681 1.0
529 531 1.0
529 1482 1.0
530 1469 1.0
531 1484 1.0
532 535 1.0
532 1386 1.0
533 535 1.0
539 541 1.0
539 1027 1.0
539 1800 1.0
540 1770 1.0
541 543 1.0
542 997 1.0
543 1465 1.0
544 1002 1.0
546 548 1.0
546 692 1.0
548 693 1.0
548 1584 1.0
549 551 1.0
549 969 1.0
549 1243 1.0
550 551 1.0
550 567 1.0
550 1258 1.0
551 777 1.0
552 1596 1.0
554 558 1.0
554 975 1.0
555 1595 1.0
556 1597 1.0
558 974 1.0
558 1497 1.0
559 560 1.0
559 562 1.0
559 1586 1.0
559 1706 1.0
561 562 1.0
561 1711 1.0
562 1705 1.0
564 566 1.0
566 1678 1.0
567 574 1.0
567 759 1.0
570 574 1.0
573 1058 1.0
574 1591 1.0
575 576 1.0
575 1687 1.0
576 1685 1.0
577 977 1.0
578 1062 1.0
578 1703 1.0
579 599 1.0
579 663 1.0
579 1821 1.0
581 582 1.0
581 656 1.0
581 1819 1.0
582 583 1.0
582 657 1.0
582 1835 1.0
583 585 1.0
583 665 1.0
583 1603 1.0
584 590 1.0
584 1625 1.0
585 666 1.0
586 622 1.0
587 589 1.0
590 1626 1.0
591 592 1.0
591 1717 1.0
592 936 1.0
592 1715 1.0
594 736 1.0
594 1622 1.0
595 1416 1.0
596 1836 1.0
598 599 1.0
601 691 1.0
602 603 1.0
602 1619 1.0
603 1073 1.0
603 1665 1.0
604 686 1.0
604 1623 1.0
605 1543 1.0
607 1428 1.0
608 611 1.0
609 615 1.0
609 766 1.0
611 1852 1.0
612 613 1.0
612 616 1.0
612 1446 1.0
612 1532 1.0
613 614 1.0
613 1527 1.0
614 615 1.0
614 1524 1.0
616 1534 1.0
619 1540 1.0
620 1435 1.0
622 627 1.0
624 1139 1.0
625 1140 1.0
626 1141 1.0
628 1142 1.0
629 1437 1.0
630 1143 1.0
631 1439 1.0
633 635 1.0
637 658 1.0
637 1048 1.0
638 1598 1.0
641 1050 1.0
642 1084 1.0
643 644 1.0
644 645 1.0
644 719 1.0
645 1585 1.0
646 647 1.0
646 1077 1.0
647 651 1.0
650 1071 1.0
650 1476 1.0
651 1081 1.0
651 1134 1.0
652 950 1.0
652 1566 1.0
652 1658 1.0
653 1525 1.0
654 655 1.0
654 663 1.0
654 1194 1.0
654 1677 1.0
655 656 1.0
655 1195 1.0
655 1675 1.0
656 1214 1.0
656 1676 1.0
657 1684 1.0
659 664 1.0
660 661 1.0
662 664 1.0
664 1680 1.0
665 1211 1.0
666 1212 1.0
668 1665 1.0
669 724 1.0
669 1124 1.0
670 1666 1.0
672 1825 1.0
674 1033 1.0
675 1030 1.0
675 1707 1.0
676 1130 1.0
679 1815 1.0
680 685 1.0
682 1691 1.0
684 770 1.0
684 1352 1.0
684 1693 1.0
686 687 1.0
687 1669 1.0
688 691 1.0
688 1355 1.0
689 691 1.0
689 693 1.0
692 1424 1.0
692 1723 1.0
693 1724 1.0
695 697 1.0
699 1174 1.0
699 1614 1.0
701 1745 1.0
704 705 1.0
704 707 1.0
704 1365 1.0
704 1710 1.0
704 1735 1.0
705 1711 1.0
705 1736 1.0
706 713 1.0
707 1367 1.0
707 1708 1.0
707 1734 1.0
709 1728 1.0
709 1781 1.0
711 1722 1.0
711 1777 1.0
712 713 1.0
713 1778 1.0
715 716 1.0
716 717 1.0
716 1701 1.0
716 1839 1.0
717 720 1.0
717 1630 1.0
717 1703 1.0
718 1782 1.0
720 722 1.0
720 1635 1.0
720 1682 1.0
720 1868 1.0
721 725 1.0
721 733 1.0
721 1312 1.0
722 1633 1.0
722 1863 1.0
724 725 1.0
725 1145 1.0
725 1311 1.0
731 734 1.0
731 1041 1.0
733 735 1.0
733 1318 1.0
733 1738 1.0
734 743 1.0
734 1044 1.0
737 738 1.0
737 739 1.0
737 1074 1.0
738 1729 1.0
738 1802 1.0
739 790 1.0
743 1640 1.0
746 748 1.0
747 749 1.0
749 1645 1.0
751 752 1.0
752 1087 1.0
754 1813 1.0
756 1631 1.0
758 1793 1.0
760 762 1.0
760 1555 1.0
762 782 1.0
765 1160 1.0
768 770 1.0
770 1158 1.0
770 1345 1.0
771 1650 1.0
773 1549 1.0
778 1073 1.0
779 1018 1.0
779 1056 1.0
782 1554 1.0
783 785 1.0
783 1795 1.0
784 786 1.0
784 1763 1.0
785 1787 1.0
786 1066 1.0
786 1764 1.0
788 1065 1.0
788 1720 1.0
792 1063 1.0
792 1757 1.0
794 1486 1.0
795 1383 1.0
795 1657 1.0
797 799 1.0
797 1055 1.0
797 1488 1.0
798 800 1.0
798 1170 1.0
799 1054 1.0
802 1816 1.0
803 1689 1.0
808 809 1.0
808 810 1.0
808 1183 1.0
808 1480 1.0
809 1669 1.0
810 1668 1.0
811 822 1.0
812 834 1.0
813 1137 1.0
813 1828 1.0
814 1508 1.0
814 1833 1.0
815 1854 1.0
817 1653 1.0
819 1651 1.0
821 1649 1.0
822 823 1.0
823 824 1.0
823 1282 1.0
824 1283 1.0
824 1652 1.0
825 1847 1.0
826 1830 1.0
827 1700 1.0
827 1844 1.0
828 1692 1.0
828 1840 1.0
829 832 1.0
829 1197 1.0
830 833 1.0
831 1339 1.0
832 1826 1.0
834 835 1.0
834 1326 1.0
835 1342 1.0
837 838 1.0
837 863 1.0
837 1758 1.0
837 1868 1.0
839 1864 1.0
840 844 1.0
840 1757 1.0
843 1517 1.0
844 1748 1.0
844 1850 1.0
845 894 1.0
849 850 1.0
849 1729 1.0
849 1869 1.0
850 1730 1.0
852 1273 1.0
855 856 1.0
855 861 1.0
855 1028 1.0
856 857 1.0
856 1836 1.0
857 859 1.0
857 1837 1.0
859 1023 1.0
860 1388 1.0
863 1798 1.0
865 1013 1.0
866 1740 1.0
870 884 1.0
870 1265 1.0
871 874 1.0
871 912 1.0
871 1635 1.0
874 875 1.0
877 879 1.0
877 883 1.0
877 931 1.0
877 1272 1.0
877 1759 1.0
880 885 1.0
880 1765 1.0
881 883 1.0
881 886 1.0
882 893 1.0
882 1448 1.0
884 886 1.0
884 1763 1.0
885 1644 1.0
887 1269 1.0
889 1304 1.0
892 893 1.0
892 1774 1.0
893 1772 1.0
894 909 1.0
894 1306 1.0
900 901 1.0
900 1001 1.0
901 903 1.0
902 996 1.0
902 1786 1.0
903 904 1.0
905 906 1.0
905 1801 1.0
907 1235 1.0
911 912 1.0
919 955 1.0
920 951 1.0
933 934 1.0
934 1817 1.0
941 943 1.0
944 946 1.0
944 1434 1.0
945 948 1.0
946 1429 1.0
946 1560 1.0
947 956 1.0
952 1749 1.0
954 1808 1.0
957 971 1.0
960 1845 1.0
961 1843 1.0
971 1848 1.0
972 1599 1.0
976 1735 1.0
979 981 1.0
990 996 1.0
992 993 1.0
1003 1453 1.0
1003 1546 1.0
1012 1013 1.0
1013 1014 1.0
1020 1021 1.0
1020 1822 1.0
1022 1493 1.0
1029 1027 1.0
1034 1672 1.0
1035 1613 1.0
1040 1046 1.0
1040 1612 1.0
1045 1050 1.0
1046 1047 1.0
1065 1760 1.0
1068 1471 1.0
1072 1073 1.0
1077 1574 1.0
1080 1081 1.0
1080 1565 1.0
1084 1791 1.0
1085 1086 1.0
1090 1745 1.0
1099 1101 1.0
1100 1102 1.0
1102 1104 1.0
1103 1107 1.0
1105 1107 1.0
1107 1666 1.0
1108 1109 1.0
1111 1643 1.0
1118 1119 1.0
1120 1122 1.0
1120 1372 1.0
1121 1123 1.0
1134 1135 1.0
1136 1144 1.0
1136 1544 1.0
1137 1138 1.0
1138 1492 1.0
1140 1572 1.0
1141 1571 1.0
1148 1531 1.0
1151 1153 1.0
1157 1444 1.0
1159 1161 1.0
1160 1162 1.0
1160 1167 1.0
1164 1167 1.0
1166 1791 1.0
1172 1173 1.0
1174 1175 1.0
1179 1180 1.0
1180 1181 1.0
1181 1743 1.0
1182 1519 1.0
1185 1186 1.0
1188 1190 1.0
1188 1811 1.0
1190 1191 1.0
1191 1832 1.0
1202 1208 1.0
1208 1209 1.0
1208 1847 1.0
1218 1219 1.0
1219 1797 1.0
1224 1262 1.0
1224 1371 1.0
1227 1790 1.0
1228 1796 1.0
1233 1234 1.0
1234 1240 1.0
1234 1607 1.0
1238 1815 1.0
1243 1244 1.0
1245 1247 1.0
1248 1249 1.0
1252 1253 1.0
1263 1529 1.0
1265 1533 1.0
1273 1274 1.0
1273 1514 1.0
1273 1696 1.0
1275 1276 1.0
1286 1447 1.0
1287 1289 1.0
1291 1293 1.0
1294 1674 1.0
1298 1299 1.0
1298 1429 1.0
1299 1323 1.0
1301 1302 1.0
1301 1714 1.0
1302 1716 1.0
1305 1307 1.0
1324 1771 1.0
1330 1332 1.0
1330 1336 1.0
1330 1859 1.0
1336 1867 1.0
1339 1341 1.0
1339 1343 1.0
1339 1467 1.0
1342 1343 1.0
1342 1455 1.0
1343 1468 1.0
1343 1523 1.0
1346 1445 1.0
1347 1349 1.0
1348 1443 1.0
1356 1372 1.0
1360 1362 1.0
1381 1385 1.0
1383 1482 1.0
1385 1387 1.0
1385 1625 1.0
1387 1388 1.0
1388 1743 1.0
1390 1397 1.0
1397 1399 1.0
1397 1472 1.0
1399 1474 1.0
1400 1425 1.0
1400 1753 1.0
1401 1403 1.0
1419 1420 1.0
1423 1424 1.0
1427 1428 1.0
1429 1431 1.0
1436 1445 1.0
1449 47 1.0
1459 1461 1.0
1463 1648 1.0
1485 1486 1.0
1489 1491 1.0
1495 1496 1.0
1500 1501 1.0
1501 1860 1.0
1505 1521 1.0
1514 1516 1.0
1517 1519 1.0
1530 1146 1.0
1536 1537 1.0
1561 1573 1.0
1579 1580 1.0
1580 1581 1.0
1585 1587 1.0
1587 1719 1.0
1588 1614 1.0
1597 1752 1.0
1599 1613 1.0
1608 1609 1.0
1613 1614 1.0
1615 1617 1.0
1620 1621 1.0
1623 1624 1.0
1629 1631 1.0
1632 1641 1.0
1637 1639 1.0
1638 1642 1.0
1639 1640 1.0
1648 1661 1.0
1663 1752 1.0
1669 1670 1.0
1689 1691 1.0
1693 1694 1.0
1709 1712 1.0
1733 1734 1.0
1739 1740 1.0
1753 1755 1.0
1770 1771 1.0
1774 1775 1.0
1787 1788 1.0
1791 1793 1.0
1830 1831 1.0
1840 1841 1.0
1866 1867 1.0
1 1226 2.0
3 774 2.0
17 1344 2.0
18 19 2.0
22 776 2.0
25 1537 2.0
28 1017 2.0
30 38 2.0
31 1659 2.0
35 57 2.0
35 395 2.0
35 504 2.0
37 1120 2.0
45 667 2.0
56 1016 2.0
66 763 2.0
69 520 2.0
75 79 2.0
77 78 2.0
77 1604 2.0
79 128 2.0
82 940 2.0
88 930 2.0
89 947 2.0
90 302 2.0
90 1185 2.0
91 802 2.0
104 1421 2.0
105 106 2.0
106 435 2.0
107 464 2.0
110 157 2.0
111 109 2.0
111 563 2.0
111 1059 2.0
113 1116 2.0
113 1674 2.0
119 873 2.0
143 799 2.0
144 958 2.0
148 150 2.0
150 1192 2.0
151 1015 2.0
152 619 2.0
158 1133 2.0
159 197 2.0
159 935 2.0
159 1169 2.0
160 162 2.0
180 920 2.0
180 921 2.0
183 200 2.0
184 953 2.0
185 639 2.0
186 1210 2.0
188 1133 2.0
188 1617 2.0
189 92 2.0
190 192 2.0
190 671 2.0
206 451 2.0
208 1226 2.0
208 1619 2.0
209 217 2.0
209 1112 2.0
218 1069 2.0
220 1104 2.0
225 1583 2.0
233 761 2.0
238 1370 2.0
239 1589 2.0
240 448 2.0
244 247 2.0
252 422 2.0
254 703 2.0
255 258 2.0
272 1593 2.0
280 816 2.0
281 1037 2.0
293 916 2.0
293 1164 2.0
293 1317 2.0
294 445 2.0
295 1201 2.0
295 1458 2.0
308 449 2.0
308 1271 2.0
309 1308 2.0
310 791 2.0
310 1783 2.0
311 1038 2.0
312 836 2.0
312 858 2.0
312 1276 2.0
312 1750 2.0
313 397 2.0
317 1189 2.0
317 1193 2.0
321 810 2.0
321 1184 2.0
325 1187 2.0
328 1490 2.0
337 1351 2.0
340 507 2.0
341 959 2.0
346 352 2.0
348 854 2.0
348 1241 2.0
349 848 2.0
357 1510 2.0
360 531 2.0
361 365 2.0
362 1005 2.0
372 1634 2.0
372 1656 2.0
380 736 2.0
382 1629 2.0
395 843 2.0
414 1323 2.0
426 1216 2.0
426 1331 2.0
437 634 2.0
437 1608 2.0
453 853 2.0
470 1746 2.0
481 995 2.0
484 580 2.0
488 1417 2.0
491 1174 2.0
495 1164 2.0
506 508 2.0
509 1371 2.0
512 1047 2.0
517 681 2.0
540 545 2.0
540 1277 2.0
545 728 2.0
555 578 2.0
555 1704 2.0
565 991 2.0
565 1590 2.0
565 1846 2.0
569 586 2.0
572 1703 2.0
587 1702 2.0
588 755 2.0
588 779 2.0
600 1414 2.0
604 1509 2.0
605 683 2.0
605 1637 2.0
608 702 2.0
608 1856 2.0
621 1240 2.0
629 1223 2.0
633 1093 2.0
638 643 2.0
638 1113 2.0
638 1456 2.0
661 1671 2.0
673 1568 2.0
676 842 2.0
680 796 2.0
680 1683 2.0
690 1433 2.0
694 715 2.0
696 1742 2.0
697 699 2.0
702 994 2.0
703 1281 2.0
708 707 2.0
714 1046 2.0
719 1128 2.0
723 221 2.0
729 939 2.0
730 1854 2.0
732 1642 2.0
732 1865 2.0
744 749 2.0
747 1323 2.0
765 768 2.0
772 170 2.0
775 1575 2.0
781 803 2.0
789 1462 2.0
789 1656 2.0
793 1257 2.0
793 1741 2.0
793 1810 2.0
798 801 2.0
800 1337 2.0
805 1808 2.0
820 1280 2.0
841 910 2.0
848 866 2.0
876 887 2.0
878 1551 2.0
878 1784 2.0
891 895 2.0
891 1400 2.0
896 897 2.0
945 1831 2.0
954 955 2.0
962 1338 2.0
994 1629 2.0
1004 1113 2.0
1007 1430 2.0
1015 1489 2.0
1036 1055 2.0
1072 1382 2.0
1079 1842 2.0
1098 712 2.0
1106 1647 2.0
1111 1116 2.0
1123 1570 2.0
1123 1654 2.0
1144 1260 2.0
1201 1210 2.0
1222 1225 2.0
1307 1507 2.0
1336 1662 2.0
1338 1535 2.0
1350 1631 2.0
1373 1677 2.0
1390 1471 2.0
1391 1403 2.0
1391 1547 2.0
1398 1807 2.0
1432 892 2.0
1466 35 2.0
1470 1477 2.0
1483 809 2.0
1552 637 2.0
1556 529 2.0
1556 1636 2.0
1601 727 2.0
1671 1668 2.0
1672 1673 2.0
1683 1691 2.0
1799 1246 2.0
1849 345 2.0
16 17 3.0
28 29 3.0
63 1407 3.0
74 110 3.0
76 78 3.0
81 918 3.0
82 85 3.0
85 415 3.0
87 173 3.0
96 1279 3.0
105 1334 3.0
113 618 3.0
129 1154 3.0
130 1008 3.0
178 294 3.0
181 986 3.0
185 35 3.0
186 1457 3.0
187 741 3.0
280 1310 3.0
294 1039 3.0
310 1606 3.0
317 1559 3.0
318 84 3.0
322 611 3.0
324 1256 3.0
335 252 3.0
341 321 3.0
350 354 3.0
351 488 3.0
363 487 3.0
382 930 3.0
388 379 3.0
436 1509 3.0
443 567 3.0
456 796 3.0
474 546 3.0
478 1217 3.0
480 482 3.0
481 1659 3.0
486 1664 3.0
487 608 3.0
514 660 3.0
517 926 3.0
565 1805 3.0
610 1628 3.0
636 851 3.0
676 1739 3.0
690 1842 3.0
695 714 3.0
696 730 3.0
698 1732 3.0
703 757 3.0
732 1536 3.0
740 1636 3.0
741 820 3.0
742 627 3.0
756 1126 3.0
776 898 3.0
787 1083 3.0
787 1569 3.0
847 949 3.0
848 1552 3.0
869 1043 3.0
941 458 3.0
966 1749 3.0
989 1250 3.0
1006 56 3.0
1064 1070 3.0
1083 1090 3.0
1110 1314 3.0
1278 876 3.0
1320 1746 3.0
1334 1858 3.0
1361 645 3.0
1369 383 3.0
1426 1834 3.0
1500 1596 3.0
1512 695 3.0
1604 1605 3.0
1674 1169 3.0
1731 1723 3.0
1804 1807 3.0
1809 804 3.0
1855 471 3.0
3 423 4.0
28 1079 4.0
96 1402 4.0
104 1590 4.0
129 262 4.0
140 1515 4.0
185 514 4.0
203 470 4.0
203 698 4.0
210 555 4.0
233 1539 4.0
261 1426 4.0
313 952 4.0
368 1334 4.0
381 634 4.0
413 386 4.0
467 1009 4.0
482 1261 4.0
493 216 4.0
517 995 4.0
610 1813 4.0
620 1289 4.0
690 1168 4.0
764 221 4.0
846 1057 4.0
898 1611 4.0
956 1053 4.0
964 1504 4.0
966 1582 4.0
1011 1632 4.0
1090 735 4.0
1117 1140 4.0
1117 1300 4.0
1250 124 4.0
1402 1834 4.0
1426 1804 4.0
1575 1769 4.0
1776 1016 4.0
1804 1857 4.0
63 1309 5.0
76 1145 5.0
104 233 5.0
106 184 5.0
131 620 5.0
317 507 5.0
344 1592 5.0
354 429 5.0
358 1492 5.0
426 1611 5.0
479 805 5.0
482 495 5.0
482 640 5.0
547 812 5.0
552 1170 5.0
740 213 5.0
775 104 5.0
775 696 5.0
780 393 5.0
872 918 5.0
964 659 5.0
1132 952 5.0
1279 935 5.0
1300 1857 5.0
1303 180 5.0
1380 339 5.0
1491 1545 5.0
1515 144 5.0
1542 1779 5.0
1576 1589 5.0
1589 1628 5.0
1605 1370 5.0
1737 1557 5.0
1776 4 5.0
1865 186 5.0
140 293 6.0
163 482 6.0
275 791 6.0
480 1292 6.0
490 88 6.0
557 1506 6.0
753 1064 6.0
757 1804 6.0
919 1660 6.0
1034 1064 6.0
1279 1812 6.0
1374 826 6.0
1664 1736 6.0
426 1377 7.0
479 1855 7.0
754 422 7.0
774 1457 7.0
1057 150 7.0
1173 1490 7.0
1374 1511 7.0
1582 1261 7.0
1655 228 7.0
187 402 8.0
268 323 8.0
270 18 8.0
479 937 8.0
846 1542 8.0
1034 1354 8.0
1069 87 8.0
1172 1174 8.0
1377 25 8.0
1655 546 8.0
1815 191 8.0
323 731 9.0
337 1477 9.0
673 758 9.0
949 1538 9.0
986 505 9.0
1154 795 9.0
1217 858 9.0
1744 1262 9.0
153 402 10.0
478 872 10.0
1037 1198 10.0
1592 95 10.0
1610 304 10.0
1667 481 10.0
753 1198 11.0
1405 747 11.0
726 1007 12.0
1007 1620 12.0
1511 189 12.0
276 921 13.0
1470 1098 14.0
1768 187 14.0
1203 547 16.0
273 1041 20.0
1375 344 20.0
1396 1007 25.0
1489 268 27.0
1632 209 29.0
68 701 30.0
597 118 39.0
636 29 39.0
1295 1602 40.0
597 42 42.0
851 1375 42.0
467 683 43.0
1052 1779 52.0
275 537 53.0
310 1667 54.0
1726 153 55.0
1726 256 58.0
1052 524 59.0
1538 228 77.0
193 0 135.0
