34 1697 1.0
105 1245 1.0
124 126 1.0
313 3853 1.0
334 4153 1.0
340 2390 1.0
349 1699 1.0
365 1710 1.0
371 374 1.0
410 1451 1.0
411 4078 1.0
454 4625 1.0
516 868 1.0
552 556 1.0
561 4893 1.0
572 3632 1.0
634 1973 1.0
713 716 1.0
777 780 1.0
838 839 1.0
892 3994 1.0
907 2716 1.0
1151 1253 1.0
1243 3590 1.0
1259 3334 1.0
1339 2165 1.0
1425 1428 1.0
1509 2621 1.0
1584 2696 1.0
1596 2449 1.0
1772 2424 1.0
1869 2366 1.0
1926 3606 1.0
2016 2018 1.0
2065 3367 1.0
2111 2696 1.0
2228 2230 1.0
2257 4093 1.0
2312 2943 1.0
2338 2342 1.0
2525 3985 1.0
2531 2537 1.0
2554 2556 1.0
2554 3707 1.0
2618 2629 1.0
2647 3996 1.0
2655 4034 1.0
2753 3295 1.0
2792 2793 1.0
2884 2930 1.0
3367 4051 1.0
3435 3436 1.0
3491 3494 1.0
3512 3514 1.0
3569 3785 1.0
3653 4825 1.0
4003 4436 1.0
4240 4242 1.0
4682 4683 1.0
4753 4754 1.0
26 3356 2.0
45 1098 2.0
100 3755 2.0
107 1443 2.0
108 1654 2.0
123 4800 2.0
138 140 2.0
139 3174 2.0
174 2093 2.0
234 1026 2.0
236 4799 2.0
237 2696 2.0
252 2659 2.0
278 873 2.0
289 3473 2.0
311 1373 2.0
312 3553 2.0
313 4030 2.0
324 3028 2.0
324 4528 2.0
362 862 2.0
372 1519 2.0
372 2727 2.0
409 2057 2.0
428 4602 2.0
434 3288 2.0
443 2396 2.0
448 3797 2.0
459 4277 2.0
528 535 2.0
536 3594 2.0
542 4218 2.0
545 561 2.0
577 3000 2.0
672 2625 2.0
731 2970 2.0
734 1802 2.0
754 756 2.0
757 4436 2.0
793 1950 2.0
821 926 2.0
866 3551 2.0
882 884 2.0
882 4591 2.0
884 4541 2.0
886 3524 2.0
895 2914 2.0
902 3512 2.0
964 4785 2.0
967 1864 2.0
991 2208 2.0
1027 2171 2.0
1027 3713 2.0
1033 2168 2.0
1066 2405 2.0
1068 2941 2.0
1068 3538 2.0
1096 2309 2.0
1108 2467 2.0
1138 4868 2.0
1179 2190 2.0
1197 1803 2.0
1233 3165 2.0
1254 3697 2.0
1288 4655 2.0
1290 1291 2.0
1336 4931 2.0
1339 1825 2.0
1382 1696 2.0
1384 1935 2.0
1386 1868 2.0
1391 3113 2.0
1407 4422 2.0
1444 2053 2.0
1483 4582 2.0
1524 4581 2.0
1536 4200 2.0
1545 3830 2.0
1548 4173 2.0
1552 2664 2.0
1594 4258 2.0
1636 2472 2.0
1662 3141 2.0
1676 1697 2.0
1680 4954 2.0
1735 4753 2.0
1742 2136 2.0
1791 4380 2.0
1802 4096 2.0
1873 2906 2.0
1885 1887 2.0
1905 3200 2.0
1954 3969 2.0
2047 2050 2.0
2047 4118 2.0
2050 4132 2.0
2073 4143 2.0
2156 3159 2.0
2163 2167 2.0
2178 4038 2.0
2221 2617 2.0
2239 3693 2.0
2247 2504 2.0
2251 3695 2.0
2251 4269 2.0
2259 3582 2.0
2289 3116 2.0
2302 2640 2.0
2440 3633 2.0
2451 2506 2.0
2455 3580 2.0
2468 4811 2.0
2511 4043 2.0
2558 3785 2.0
2592 4585 2.0
2598 4369 2.0
2604 3790 2.0
2644 3164 2.0
2687 3867 2.0
2687 4185 2.0
2701 2703 2.0
2746 3769 2.0
2749 3503 2.0
2786 4311 2.0
2799 4304 2.0
2804 3307 2.0
2838 4173 2.0
2871 4596 2.0
2891 4101 2.0
2929 4003 2.0
2952 3817 2.0
3021 3449 2.0
3063 4792 2.0
3065 3667 2.0
3169 3173 2.0
3172 4693 2.0
3212 3446 2.0
3260 4727 2.0
3273 4636 2.0
3330 4552 2.0
3342 4706 2.0
3344 4394 2.0
3387 4721 2.0
3391 4430 2.0
3414 4370 2.0
3442 4349 2.0
3466 3995 2.0
3507 4318 2.0
3557 4117 2.0
3584 4052 2.0
3587 4754 2.0
3601 3840 2.0
3622 3647 2.0
3715 4564 2.0
3730 4937 2.0
3767 4681 2.0
3870 3875 2.0
3871 4637 2.0
3931 3935 2.0
4008 4597 2.0
4030 4901 2.0
4047 4053 2.0
4050 4575 2.0
4141 4745 2.0
4259 4440 2.0
4399 4401 2.0
4406 4670 2.0
4532 4788 2.0
4606 4609 2.0
4617 4620 2.0
4832 4865 2.0
3 816 3.0
4 3915 3.0
5 742 3.0
14 2137 3.0
15 317 3.0
34 3993 3.0
38 754 3.0
44 88 3.0
46 3494 3.0
48 1149 3.0
52 788 3.0
52 3014 3.0
54 2495 3.0
63 2991 3.0
66 2463 3.0
75 794 3.0
80 3576 3.0
90 1974 3.0
90 4053 3.0
91 3424 3.0
113 2714 3.0
123 2127 3.0
124 3349 3.0
128 2915 3.0
129 1026 3.0
129 1905 3.0
152 367 3.0
164 453 3.0
176 4029 3.0
191 3159 3.0
209 1014 3.0
216 1845 3.0
217 2104 3.0
217 3514 3.0
222 1335 3.0
234 3218 3.0
237 3754 3.0
248 3757 3.0
261 4185 3.0
269 482 3.0
280 2020 3.0
289 2425 3.0
311 619 3.0
313 3208 3.0
327 1219 3.0
335 2593 3.0
346 1684 3.0
349 2553 3.0
403 686 3.0
404 2298 3.0
407 2075 3.0
413 2758 3.0
417 3314 3.0
420 1446 3.0
420 1450 3.0
442 4383 3.0
446 4482 3.0
452 2917 3.0
454 3116 3.0
461 1748 3.0
464 4217 3.0
473 4953 3.0
480 4013 3.0
484 3243 3.0
497 4489 3.0
499 1059 3.0
546 2857 3.0
560 1187 3.0
570 2093 3.0
573 3408 3.0
586 1359 3.0
592 2521 3.0
603 1088 3.0
620 3270 3.0
621 4604 3.0
624 3977 3.0
624 4147 3.0
634 4966 3.0
638 3807 3.0
644 2518 3.0
647 2381 3.0
664 4916 3.0
665 3000 3.0
668 2430 3.0
670 2751 3.0
673 2321 3.0
700 1468 3.0
707 4977 3.0
712 3659 3.0
723 3451 3.0
734 826 3.0
751 3409 3.0
768 4568 3.0
787 1754 3.0
794 4060 3.0
799 906 3.0
800 883 3.0
811 1473 3.0
860 3128 3.0
866 4869 3.0
868 3571 3.0
868 3738 3.0
907 4371 3.0
913 3999 3.0
938 3243 3.0
946 2905 3.0
946 4002 3.0
951 2128 3.0
953 4537 3.0
956 2234 3.0
961 1921 3.0
965 1234 3.0
983 3743 3.0
993 3630 3.0
994 2155 3.0
1016 1769 3.0
1016 4754 3.0
1018 1895 3.0
1033 2179 3.0
1038 2384 3.0
1038 4906 3.0
1042 3795 3.0
1044 4670 3.0
1056 4397 3.0
1068 1717 3.0
1088 4449 3.0
1094 2955 3.0
1097 2562 3.0
1109 2492 3.0
1121 4832 3.0
1132 2951 3.0
1138 2596 3.0
1156 3887 3.0
1157 2153 3.0
1163 3626 3.0
1174 1861 3.0
1178 1692 3.0
1180 4642 3.0
1186 1794 3.0
1193 1407 3.0
1196 4586 3.0
1197 4874 3.0
1216 2215 3.0
1233 2050 3.0
1235 3566 3.0
1248 2087 3.0
1248 4103 3.0
1255 2099 3.0
1258 2565 3.0
1259 4490 3.0
1260 1442 3.0
1276 3735 3.0
1285 1630 3.0
1289 3922 3.0
1297 2758 3.0
1326 4025 3.0
1327 3963 3.0
1335 2083 3.0
1356 2091 3.0
1357 3308 3.0
1368 2410 3.0
1377 4493 3.0
1383 2367 3.0
1393 3807 3.0
1427 3050 3.0
1474 1662 3.0
1475 1549 3.0
1494 2655 3.0
1532 4716 3.0
1535 4431 3.0
1540 1625 3.0
1567 3079 3.0
1580 1812 3.0
1621 4412 3.0
1622 4040 3.0
1661 3021 3.0
1666 4433 3.0
1667 3399 3.0
1684 3748 3.0
1699 3000 3.0
1703 2652 3.0
1709 2111 3.0
1722 4487 3.0
1731 3489 3.0
1735 3257 3.0
1745 4952 3.0
1746 4951 3.0
1754 3656 3.0
1758 4533 3.0
1805 2309 3.0
1829 3662 3.0
1859 2835 3.0
1880 2702 3.0
1894 3062 3.0
1894 4005 3.0
1894 4954 3.0
1912 2462 3.0
1918 4551 3.0
1921 2074 3.0
1922 3125 3.0
1933 3236 3.0
1946 2674 3.0
1965 3655 3.0
1982 3272 3.0
1985 4614 3.0
1988 2169 3.0
1999 3234 3.0
2018 3472 3.0
2023 4220 3.0
2038 3317 3.0
2046 2051 3.0
2076 2834 3.0
2085 3987 3.0
2110 3297 3.0
2119 4811 3.0
2129 2130 3.0
2148 2333 3.0
2148 2802 3.0
2150 2273 3.0
2153 3299 3.0
2166 3599 3.0
2186 4907 3.0
2190 3117 3.0
2212 4588 3.0
2245 3483 3.0
2253 4649 3.0
2287 4965 3.0
2296 3498 3.0
2299 4056 3.0
2302 4925 3.0
2313 2886 3.0
2319 3370 3.0
2319 4236 3.0
2333 4616 3.0
2336 2341 3.0
2354 3919 3.0
2356 4377 3.0
2366 3715 3.0
2372 3458 3.0
2374 2486 3.0
2375 2569 3.0
2413 4750 3.0
2481 3188 3.0
2492 4376 3.0
2501 4340 3.0
2517 4737 3.0
2529 3033 3.0
2557 3767 3.0
2656 4429 3.0
2670 2687 3.0
2692 4763 3.0
2718 3628 3.0
2792 4962 3.0
2820 3651 3.0
2837 2863 3.0
2847 3613 3.0
2853 3166 3.0
2853 4155 3.0
2862 4127 3.0
2870 4699 3.0
2904 4778 3.0
2956 4749 3.0
2971 4433 3.0
3006 4778 3.0
3045 3515 3.0
3114 4961 3.0
3141 4665 3.0
3223 4854 3.0
3243 4147 3.0
3347 3620 3.0
3374 4528 3.0
3409 3963 3.0
3416 3720 3.0
3420 3581 3.0
3421 4767 3.0
3476 3478 3.0
3506 3667 3.0
3598 3614 3.0
3613 4929 3.0
3615 3787 3.0
3626 4542 3.0
3654 3793 3.0
3693 4076 3.0
3708 4162 3.0
3720 3944 3.0
3741 4099 3.0
3791 4130 3.0
3793 4663 3.0
3795 4663 3.0
3829 4795 3.0
3857 4644 3.0
3895 4363 3.0
3900 4438 3.0
3919 4932 3.0
3931 4936 3.0
3976 4596 3.0
3988 4163 3.0
3989 4480 3.0
4016 4413 3.0
4046 4050 3.0
4125 4361 3.0
4155 4164 3.0
4270 4540 3.0
4428 4526 3.0
4466 4472 3.0
4469 4958 3.0
4794 4827 3.0
0 1884 4.0
0 3158 4.0
9 2556 4.0
14 309 4.0
18 2621 4.0
20 1959 4.0
28 1950 4.0
29 3984 4.0
36 3982 4.0
38 4589 4.0
38 4621 4.0
45 2328 4.0
46 792 4.0
47 732 4.0
57 2853 4.0
59 3778 4.0
62 4188 4.0
76 3230 4.0
77 1664 4.0
78 3456 4.0
78 4164 4.0
82 3145 4.0
84 973 4.0
85 4738 4.0
90 2575 4.0
91 4860 4.0
97 1419 4.0
97 1606 4.0
101 4207 4.0
107 633 4.0
107 2385 4.0
109 2218 4.0
109 4870 4.0
132 2841 4.0
138 2089 4.0
148 1561 4.0
150 4265 4.0
164 3299 4.0
183 3818 4.0
186 2206 4.0
189 1840 4.0
193 4267 4.0
200 3042 4.0
200 4231 4.0
215 3260 4.0
217 3000 4.0
233 888 4.0
235 342 4.0
238 1423 4.0
245 1077 4.0
255 2269 4.0
255 4108 4.0
256 2277 4.0
258 3033 4.0
260 1831 4.0
260 3603 4.0
262 2272 4.0
264 986 4.0
268 3209 4.0
270 4085 4.0
279 3439 4.0
279 4935 4.0
282 3738 4.0
300 1278 4.0
305 823 4.0
311 2639 4.0
328 1009 4.0
328 2941 4.0
331 1115 4.0
336 3464 4.0
340 3608 4.0
345 369 4.0
352 3246 4.0
353 710 4.0
355 1010 4.0
355 3336 4.0
357 1584 4.0
362 1100 4.0
368 2007 4.0
373 1496 4.0
375 937 4.0
386 2301 4.0
395 455 4.0
396 2948 4.0
410 1564 4.0
412 4970 4.0
417 3807 4.0
420 2358 4.0
421 1873 4.0
430 4037 4.0
433 458 4.0
434 1548 4.0
444 1486 4.0
445 3164 4.0
454 2211 4.0
470 4135 4.0
474 3540 4.0
478 4316 4.0
480 4570 4.0
482 4493 4.0
491 1181 4.0
499 2003 4.0
501 839 4.0
502 3857 4.0
504 4023 4.0
507 1313 4.0
508 2541 4.0
516 3029 4.0
521 1718 4.0
528 2066 4.0
529 3470 4.0
530 756 4.0
535 1667 4.0
535 4234 4.0
537 1676 4.0
537 4636 4.0
538 2517 4.0
543 1440 4.0
548 3676 4.0
550 3779 4.0
550 4934 4.0
553 683 4.0
554 3511 4.0
557 2447 4.0
575 1821 4.0
577 3993 4.0
578 3061 4.0
582 3860 4.0
597 3974 4.0
609 1600 4.0
609 3779 4.0
609 4461 4.0
616 3325 4.0
635 2299 4.0
636 2784 4.0
638 2588 4.0
643 1356 4.0
644 2459 4.0
651 3988 4.0
655 4207 4.0
656 759 4.0
687 4474 4.0
694 2440 4.0
694 2686 4.0
697 3280 4.0
701 2893 4.0
706 2695 4.0
708 4886 4.0
717 929 4.0
720 3137 4.0
720 4332 4.0
721 4010 4.0
721 4708 4.0
722 1062 4.0
725 2967 4.0
730 2630 4.0
731 1141 4.0
731 1145 4.0
737 1237 4.0
745 2246 4.0
747 1546 4.0
749 1038 4.0
749 1190 4.0
754 797 4.0
762 4282 4.0
775 4776 4.0
780 3553 4.0
781 4466 4.0
782 2874 4.0
785 1765 4.0
788 3137 4.0
797 2381 4.0
811 2804 4.0
854 1681 4.0
859 2576 4.0
859 4693 4.0
872 1807 4.0
874 999 4.0
886 2367 4.0
895 1923 4.0
925 3063 4.0
946 2150 4.0
972 3968 4.0
973 2849 4.0
993 1980 4.0
993 4961 4.0
1013 1888 4.0
1016 2625 4.0
1017 2442 4.0
1018 3571 4.0
1019 2393 4.0
1021 3644 4.0
1027 1692 4.0
1035 2331 4.0
1048 1663 4.0
1056 3330 4.0
1059 1387 4.0
1060 2817 4.0
1077 3412 4.0
1079 1286 4.0
1079 3941 4.0
1094 2862 4.0
1103 1984 4.0
1107 2303 4.0
1115 1809 4.0
1128 1132 4.0
1128 3638 4.0
1131 2034 4.0
1131 4976 4.0
1136 4196 4.0
1145 3161 4.0
1159 3537 4.0
1164 1267 4.0
1165 4464 4.0
1175 2171 4.0
1176 1709 4.0
1185 1797 4.0
1189 3353 4.0
1190 1327 4.0
1195 2571 4.0
1199 2264 4.0
1201 3120 4.0
1218 2925 4.0
1225 1658 4.0
1230 2585 4.0
1247 1857 4.0
1256 1705 4.0
1258 4391 4.0
1264 3299 4.0
1267 1996 4.0
1267 4898 4.0
1273 4569 4.0
1279 2302 4.0
1285 4145 4.0
1344 3559 4.0
1362 4716 4.0
1367 3357 4.0
1368 1583 4.0
1376 2666 4.0
1380 2037 4.0
1382 2880 4.0
1384 1842 4.0
1384 2385 4.0
1396 1478 4.0
1406 1983 4.0
1409 4665 4.0
1418 2004 4.0
1424 4112 4.0
1425 3188 4.0
1440 2355 4.0
1447 4305 4.0
1451 1805 4.0
1452 4836 4.0
1466 1992 4.0
1467 4074 4.0
1469 2918 4.0
1494 2588 4.0
1494 4318 4.0
1501 3315 4.0
1506 3888 4.0
1524 3353 4.0
1534 4163 4.0
1535 1550 4.0
1537 2430 4.0
1550 4969 4.0
1553 3887 4.0
1556 4790 4.0
1558 4928 4.0
1560 1883 4.0
1564 2642 4.0
1581 3815 4.0
1593 4750 4.0
1609 4692 4.0
1621 4109 4.0
1648 2470 4.0
1650 3713 4.0
1656 3358 4.0
1666 4689 4.0
1674 4838 4.0
1680 3651 4.0
1704 1850 4.0
1717 1880 4.0
1724 2929 4.0
1734 3155 4.0
1744 3521 4.0
1744 3888 4.0
1744 4965 4.0
1745 3726 4.0
1749 4941 4.0
1765 4948 4.0
1781 2524 4.0
1785 4667 4.0
1794 2729 4.0
1808 3702 4.0
1814 4698 4.0
1832 2783 4.0
1834 3880 4.0
1834 4645 4.0
1857 4970 4.0
1893 2688 4.0
1904 2741 4.0
1905 3456 4.0
1907 4339 4.0
1913 2458 4.0
1919 3132 4.0
1923 4583 4.0
1924 4583 4.0
1928 2740 4.0
1929 2253 4.0
1929 4739 4.0
1944 3700 4.0
1944 4369 4.0
1945 2426 4.0
1974 3788 4.0
1994 3550 4.0
1999 3021 4.0
2003 3098 4.0
2003 3425 4.0
2011 2996 4.0
2017 3019 4.0
2019 2211 4.0
2028 3592 4.0
2036 4058 4.0
2046 3804 4.0
2054 3337 4.0
2058 3444 4.0
2063 3383 4.0
2069 4510 4.0
2070 2741 4.0
2073 3650 4.0
2074 4154 4.0
2087 3940 4.0
2098 4722 4.0
2099 3913 4.0
2129 2424 4.0
2135 3855 4.0
2147 3034 4.0
2153 4723 4.0
2156 3637 4.0
2159 3872 4.0
2161 2428 4.0
2161 4818 4.0
2165 2210 4.0
2170 2186 4.0
2177 4169 4.0
2184 2517 4.0
2185 4432 4.0
2188 4793 4.0
2201 3415 4.0
2216 4246 4.0
2223 4516 4.0
2227 2367 4.0
2239 4739 4.0
2242 4238 4.0
2253 4625 4.0
2255 3975 4.0
2259 4421 4.0
2263 2782 4.0
2264 3117 4.0
2265 4556 4.0
2266 2854 4.0
2272 3280 4.0
2289 4060 4.0
2293 3811 4.0
2294 4313 4.0
2299 4130 4.0
2310 3366 4.0
2314 2914 4.0
2318 2320 4.0
2328 3730 4.0
2333 4842 4.0
2337 3564 4.0
2339 2757 4.0
2340 4558 4.0
2345 4700 4.0
2350 4342 4.0
2356 4582 4.0
2363 2725 4.0
2373 2828 4.0
2375 4849 4.0
2394 4345 4.0
2401 4443 4.0
2410 2881 4.0
2410 4511 4.0
2419 3744 4.0
2434 4866 4.0
2435 3834 4.0
2443 4485 4.0
2447 4798 4.0
2449 4750 4.0
2464 3271 4.0
2488 3244 4.0
2496 4161 4.0
2499 3855 4.0
2511 4881 4.0
2513 3457 4.0
2520 4473 4.0
2545 4294 4.0
2549 2751 4.0
2561 3284 4.0
2596 4251 4.0
2601 3803 4.0
2610 4224 4.0
2618 3681 4.0
2622 3224 4.0
2629 4586 4.0
2632 3979 4.0
2643 3516 4.0
2670 3370 4.0
2673 4342 4.0
2676 3968 4.0
2700 4563 4.0
2715 4812 4.0
2719 4481 4.0
2726 4150 4.0
2728 4427 4.0
2758 3431 4.0
2763 3784 4.0
2770 2785 4.0
2786 4451 4.0
2787 4079 4.0
2788 3705 4.0
2796 3790 4.0
2805 3690 4.0
2822 3564 4.0
2860 4822 4.0
2873 3048 4.0
2884 4532 4.0
2888 4446 4.0
2892 3797 4.0
2923 3857 4.0
2925 3351 4.0
2937 3947 4.0
2955 4045 4.0
2967 3928 4.0
2988 3525 4.0
3017 4714 4.0
3023 4807 4.0
3033 3039 4.0
3042 3853 4.0
3056 4801 4.0
3091 3188 4.0
3134 3386 4.0
3144 3170 4.0
3176 4422 4.0
3189 3638 4.0
3207 4051 4.0
3213 3726 4.0
3219 4907 4.0
3222 3937 4.0
3240 3883 4.0
3242 3256 4.0
3289 3433 4.0
3302 4135 4.0
3312 4649 4.0
3337 3698 4.0
3365 3734 4.0
3373 3759 4.0
3390 4693 4.0
3409 3870 4.0
3420 4114 4.0
3427 3859 4.0
3427 4418 4.0
3438 4236 4.0
3478 4414 4.0
3494 4354 4.0
3496 4035 4.0
3532 4664 4.0
3534 4174 4.0
3598 3605 4.0
3617 3635 4.0
3641 3642 4.0
3648 3988 4.0
3653 4618 4.0
3658 4398 4.0
3681 4489 4.0
3729 4538 4.0
3732 3734 4.0
3794 4288 4.0
3801 4226 4.0
3841 4529 4.0
3865 3880 4.0
3867 4239 4.0
3906 4438 4.0
3919 4309 4.0
3939 4203 4.0
3953 4407 4.0
3964 4332 4.0
3977 4632 4.0
4010 4422 4.0
4077 4631 4.0
4159 4553 4.0
4175 4176 4.0
4182 4832 4.0
4196 4471 4.0
4288 4309 4.0
4306 4879 4.0
4419 4676 4.0
4458 4809 4.0
4472 4553 4.0
4542 4854 4.0
4615 4899 4.0
4674 4878 4.0
4710 4729 4.0
0 3163 5.0
7 1523 5.0
7 1763 5.0
8 1222 5.0
9 4227 5.0
11 4855 5.0
13 2168 5.0
13 3521 5.0
14 3800 5.0
20 164 5.0
26 4556 5.0
28 529 5.0
32 4786 5.0
36 2259 5.0
52 4234 5.0
57 663 5.0
57 1649 5.0
57 2082 5.0
62 2970 5.0
63 4458 5.0
65 3226 5.0
66 403 5.0
66 613 5.0
66 3825 5.0
69 709 5.0
73 2233 5.0
73 4569 5.0
75 537 5.0
76 2828 5.0
76 4144 5.0
77 827 5.0
77 2141 5.0
78 1568 5.0
79 1152 5.0
80 1325 5.0
93 2342 5.0
99 833 5.0
101 3742 5.0
105 1817 5.0
106 1162 5.0
107 2132 5.0
108 1496 5.0
115 1380 5.0
118 2114 5.0
123 3380 5.0
130 4104 5.0
135 2014 5.0
141 3683 5.0
143 2745 5.0
153 1292 5.0
154 3321 5.0
166 1250 5.0
171 2530 5.0
180 184 5.0
183 2835 5.0
184 740 5.0
191 1371 5.0
191 1473 5.0
195 897 5.0
198 3679 5.0
217 2347 5.0
221 249 5.0
221 2370 5.0
223 1661 5.0
232 4443 5.0
236 3721 5.0
237 472 5.0
251 4106 5.0
254 3559 5.0
258 4221 5.0
260 262 5.0
260 4751 5.0
263 1220 5.0
266 4208 5.0
268 4888 5.0
272 2176 5.0
272 3382 5.0
273 4037 5.0
276 2221 5.0
282 1091 5.0
284 3930 5.0
292 2486 5.0
294 559 5.0
297 1362 5.0
297 2881 5.0
301 3075 5.0
307 2555 5.0
314 2144 5.0
315 1125 5.0
318 1669 5.0
325 4182 5.0
327 1890 5.0
328 3799 5.0
339 3059 5.0
341 886 5.0
341 3207 5.0
348 2712 5.0
350 2902 5.0
357 4759 5.0
359 3613 5.0
360 4505 5.0
361 4194 5.0
362 3543 5.0
367 4401 5.0
376 1700 5.0
376 4041 5.0
378 1022 5.0
379 763 5.0
380 4058 5.0
384 2151 5.0
384 2273 5.0
384 4588 5.0
387 3649 5.0
387 4468 5.0
388 4900 5.0
390 3442 5.0
390 3754 5.0
390 3853 5.0
413 2066 5.0
414 2710 5.0
420 683 5.0
420 4780 5.0
421 1450 5.0
421 3237 5.0
421 4600 5.0
424 2479 5.0
426 721 5.0
428 2989 5.0
430 4442 5.0
432 2938 5.0
435 1157 5.0
443 4189 5.0
445 3495 5.0
447 634 5.0
448 1913 5.0
451 3215 5.0
453 3039 5.0
453 3323 5.0
457 2273 5.0
457 2440 5.0
468 2207 5.0
469 542 5.0
479 4223 5.0
484 1995 5.0
503 4287 5.0
521 3193 5.0
524 1821 5.0
532 877 5.0
533 1358 5.0
542 612 5.0
545 2555 5.0
553 4103 5.0
554 4258 5.0
557 1786 5.0
570 3406 5.0
573 4131 5.0
576 4806 5.0
579 1799 5.0
591 4358 5.0
597 637 5.0
597 897 5.0
597 1405 5.0
614 720 5.0
616 1628 5.0
616 4278 5.0
621 3302 5.0
626 2985 5.0
627 1051 5.0
630 4176 5.0
631 3324 5.0
633 4448 5.0
636 2606 5.0
643 2745 5.0
647 908 5.0
652 705 5.0
659 1366 5.0
661 2936 5.0
669 2647 5.0
669 3819 5.0
669 4627 5.0
672 1772 5.0
693 2987 5.0
695 4808 5.0
698 4838 5.0
699 2483 5.0
708 1768 5.0
708 3604 5.0
716 2060 5.0
717 2899 5.0
730 1982 5.0
733 1561 5.0
736 1139 5.0
741 4422 5.0
746 775 5.0
751 2077 5.0
752 1135 5.0
752 4413 5.0
760 4480 5.0
764 1863 5.0
770 3142 5.0
774 3106 5.0
777 2904 5.0
784 1612 5.0
785 1892 5.0
792 3127 5.0
800 3908 5.0
802 1041 5.0
803 3560 5.0
811 2681 5.0
820 3072 5.0
820 4684 5.0
827 2267 5.0
830 2092 5.0
834 2962 5.0
837 2209 5.0
837 4359 5.0
838 4883 5.0
851 2732 5.0
854 3642 5.0
859 984 5.0
861 1715 5.0
861 2759 5.0
862 3352 5.0
883 2277 5.0
887 3821 5.0
888 4907 5.0
899 1791 5.0
899 4606 5.0
902 2529 5.0
908 1072 5.0
916 4266 5.0
918 2932 5.0
918 4911 5.0
922 1385 5.0
922 1936 5.0
924 1994 5.0
931 2743 5.0
932 3618 5.0
936 2316 5.0
945 4287 5.0
951 4078 5.0
953 4685 5.0
959 1345 5.0
961 2798 5.0
965 4597 5.0
970 1133 5.0
970 4435 5.0
976 4937 5.0
982 1340 5.0
987 4915 5.0
996 2364 5.0
997 3613 5.0
999 4448 5.0
1000 4083 5.0
1002 4109 5.0
1004 4823 5.0
1008 3325 5.0
1016 3036 5.0
1018 3737 5.0
1028 4713 5.0
1031 2439 5.0
1032 2681 5.0
1037 2279 5.0
1057 3095 5.0
1058 3945 5.0
1058 4113 5.0
1070 2960 5.0
1070 3435 5.0
1074 3816 5.0
1083 4888 5.0
1090 4936 5.0
1095 2972 5.0
1100 2314 5.0
1100 2515 5.0
1104 4867 5.0
1108 3474 5.0
1122 3496 5.0
1131 3871 5.0
1133 1135 5.0
1141 2618 5.0
1145 3055 5.0
1161 1781 5.0
1163 2359 5.0
1164 3046 5.0
1169 2890 5.0
1172 1426 5.0
1172 4152 5.0
1175 1292 5.0
1178 3341 5.0
1189 1935 5.0
1210 1741 5.0
1211 4791 5.0
1218 1792 5.0
1218 4484 5.0
1220 1984 5.0
1222 1786 5.0
1225 2096 5.0
1230 2704 5.0
1231 4606 5.0
1234 1996 5.0
1243 1637 5.0
1245 1471 5.0
1248 2287 5.0
1251 3382 5.0
1257 2241 5.0
1263 4506 5.0
1264 2567 5.0
1267 3213 5.0
1273 2245 5.0
1276 4783 5.0
1277 3958 5.0
1282 1732 5.0
1297 2329 5.0
1297 4091 5.0
1298 4127 5.0
1302 4900 5.0
1304 4178 5.0
1306 2268 5.0
1307 4441 5.0
1310 3030 5.0
1312 4426 5.0
1323 2347 5.0
1329 1470 5.0
1337 4741 5.0
1338 4683 5.0
1340 4259 5.0
1349 4848 5.0
1352 2837 5.0
1356 3396 5.0
1361 2452 5.0
1368 2489 5.0
1369 2996 5.0
1370 4561 5.0
1372 1924 5.0
1372 4972 5.0
1375 4275 5.0
1384 3652 5.0
1388 4379 5.0
1400 1576 5.0
1408 3180 5.0
1413 4387 5.0
1415 3284 5.0
1418 3866 5.0
1421 2303 5.0
1432 4605 5.0
1434 4459 5.0
1435 3328 5.0
1436 1689 5.0
1450 3952 5.0
1455 2237 5.0
1455 4933 5.0
1470 2568 5.0
1481 2922 5.0
1481 4462 5.0
1486 2839 5.0
1486 3689 5.0
1490 3171 5.0
1493 3815 5.0
1510 4399 5.0
1521 3609 5.0
1530 4661 5.0
1534 4925 5.0
1552 4095 5.0
1553 4912 5.0
1564 1673 5.0
1569 1679 5.0
1577 1941 5.0
1609 3894 5.0
1614 4927 5.0
1615 4031 5.0
1620 2298 5.0
1651 3242 5.0
1654 3142 5.0
1655 2794 5.0
1668 4804 5.0
1675 3746 5.0
1676 3735 5.0
1687 4840 5.0
1697 4402 5.0
1700 2806 5.0
1713 3544 5.0
1731 2181 5.0
1732 2175 5.0
1739 2188 5.0
1761 2456 5.0
1769 2906 5.0
1777 3765 5.0
1790 4184 5.0
1808 4676 5.0
1808 4960 5.0
1831 2632 5.0
1834 2238 5.0
1834 2432 5.0
1843 3427 5.0
1849 4462 5.0
1855 3752 5.0
1860 3430 5.0
1861 4927 5.0
1864 2139 5.0
1882 2783 5.0
1882 3628 5.0
1886 2846 5.0
1890 2980 5.0
1890 4032 5.0
1893 3352 5.0
1895 3090 5.0
1896 2752 5.0
1898 4896 5.0
1903 2188 5.0
1908 2710 5.0
1909 2143 5.0
1914 2354 5.0
1914 2796 5.0
1914 3716 5.0
1916 3532 5.0
1922 1680 5.0
1923 4451 5.0
1925 3689 5.0
1929 3795 5.0
1931 4701 5.0
1933 4429 5.0
1935 2609 5.0
1951 3370 5.0
1966 2516 5.0
1976 2912 5.0
1985 2666 5.0
1988 4734 5.0
1990 4373 5.0
1996 3172 5.0
2017 4378 5.0
2027 4256 5.0
2030 3334 5.0
2038 2965 5.0
2042 2060 5.0
2054 3728 5.0
2055 2494 5.0
2071 4957 5.0
2072 4002 5.0
2073 2322 5.0
2077 3383 5.0
2084 2861 5.0
2089 2965 5.0
2107 2940 5.0
2110 3440 5.0
2130 3690 5.0
2145 4722 5.0
2147 3562 5.0
2169 4310 5.0
2170 3188 5.0
2184 2753 5.0
2193 2960 5.0
2193 4257 5.0
2206 4274 5.0
2220 4298 5.0
2237 3942 5.0
2248 3282 5.0
2255 4184 5.0
2270 4124 5.0
2272 4474 5.0
2279 2880 5.0
2280 2284 5.0
2281 3099 5.0
2294 4732 5.0
2296 3545 5.0
2300 3921 5.0
2318 2363 5.0
2318 3144 5.0
2321 4514 5.0
2335 3162 5.0
2339 2494 5.0
2349 2692 5.0
2364 3896 5.0
2365 2845 5.0
2380 2850 5.0
2381 2918 5.0
2400 2485 5.0
2404 3312 5.0
2406 4514 5.0
2419 4819 5.0
2422 3292 5.0
2442 4322 5.0
2443 4788 5.0
2446 4828 5.0
2458 3462 5.0
2460 4587 5.0
2499 3341 5.0
2503 3992 5.0
2505 3212 5.0
2508 3023 5.0
2522 2724 5.0
2547 4097 5.0
2553 3866 5.0
2556 3442 5.0
2557 4604 5.0
2559 4484 5.0
2560 2779 5.0
2585 3574 5.0
2586 3891 5.0
2600 3558 5.0
2605 4505 5.0
2611 4961 5.0
2615 4866 5.0
2619 3119 5.0
2620 4887 5.0
2632 2992 5.0
2642 4749 5.0
2653 3540 5.0
2665 3341 5.0
2665 4114 5.0
2680 3374 5.0
2688 3055 5.0
2703 3201 5.0
2723 4205 5.0
2724 4057 5.0
2727 3541 5.0
2742 4168 5.0
2743 3800 5.0
2748 4647 5.0
2751 2820 5.0
2772 4863 5.0
2773 4264 5.0
2787 3608 5.0
2787 3610 5.0
2790 2918 5.0
2805 4834 5.0
2815 3640 5.0
2831 4885 5.0
2858 3297 5.0
2858 3863 5.0
2870 3013 5.0
2870 3250 5.0
2881 2884 5.0
2883 4027 5.0
2895 3986 5.0
2903 4012 5.0
2940 3443 5.0
2942 2991 5.0
2943 4434 5.0
2952 3237 5.0
2980 4016 5.0
2981 3751 5.0
2991 4195 5.0
2997 3698 5.0
3017 4454 5.0
3023 4193 5.0
3038 3235 5.0
3041 3247 5.0
3056 3260 5.0
3059 4243 5.0
3095 4289 5.0
3098 4915 5.0
3118 4071 5.0
3128 4611 5.0
3144 4906 5.0
3171 4447 5.0
3176 4901 5.0
3189 4647 5.0
3201 4264 5.0
3204 3534 5.0
3212 4838 5.0
3234 3352 5.0
3238 4695 5.0
3246 4504 5.0
3247 4363 5.0
3298 3301 5.0
3298 4200 5.0
3310 4255 5.0
3311 3513 5.0
3324 3608 5.0
3349 4451 5.0
3384 4433 5.0
3385 4967 5.0
3386 4110 5.0
3395 4784 5.0
3397 4579 5.0
3412 4135 5.0
3414 4568 5.0
3416 4138 5.0
3449 4759 5.0
3460 3927 5.0
3466 1709 5.0
3517 4622 5.0
3524 4240 5.0
3549 4409 5.0
3551 3586 5.0
3579 3678 5.0
3581 4681 5.0
3602 3608 5.0
3615 4752 5.0
3654 3873 5.0
3675 4131 5.0
3679 3872 5.0
3691 4776 5.0
3714 4088 5.0
3726 4587 5.0
3771 4419 5.0
3788 4780 5.0
3800 1178 5.0
3852 4658 5.0
3920 4416 5.0
3928 4929 5.0
3989 4251 5.0
4024 4973 5.0
4072 2941 5.0
4170 4831 5.0
4175 4193 5.0
4198 4620 5.0
4199 4944 5.0
4248 4265 5.0
4299 4869 5.0
4329 4864 5.0
4335 4594 5.0
4398 4685 5.0
4411 4471 5.0
4533 4586 5.0
4570 4695 5.0
4583 4587 5.0
4615 4657 5.0
1 1246 6.0
6 3518 6.0
8 1859 6.0
13 556 6.0
14 906 6.0
21 3104 6.0
24 1194 6.0
24 2116 6.0
29 270 6.0
29 834 6.0
35 695 6.0
44 2663 6.0
44 3090 6.0
48 3865 6.0
53 4488 6.0
58 3546 6.0
61 1558 6.0
61 4479 6.0
62 129 6.0
74 2345 6.0
74 3598 6.0
75 2996 6.0
79 1789 6.0
80 1000 6.0
85 4872 6.0
88 4621 6.0
99 3166 6.0
100 294 6.0
101 461 6.0
102 204 6.0
108 4434 6.0
111 3082 6.0
111 3464 6.0
121 621 6.0
121 1387 6.0
121 2183 6.0
125 2408 6.0
128 4572 6.0
135 1517 6.0
138 3834 6.0
153 435 6.0
153 3252 6.0
156 2954 6.0
158 3647 6.0
159 3328 6.0
161 1790 6.0
166 3041 6.0
172 2129 6.0
178 2599 6.0
178 3945 6.0
180 515 6.0
182 2348 6.0
184 3430 6.0
185 756 6.0
189 2448 6.0
202 1493 6.0
214 2221 6.0
220 1061 6.0
226 4702 6.0
234 4713 6.0
239 383 6.0
244 1305 6.0
247 249 6.0
251 4110 6.0
253 1762 6.0
261 3675 6.0
264 3504 6.0
277 1576 6.0
278 755 6.0
278 937 6.0
283 3261 6.0
287 1574 6.0
287 2715 6.0
290 1601 6.0
301 4644 6.0
302 451 6.0
306 769 6.0
307 2132 6.0
307 3610 6.0
309 4546 6.0
312 972 6.0
319 3349 6.0
342 789 6.0
356 1226 6.0
358 702 6.0
359 3445 6.0
368 987 6.0
373 3408 6.0
375 3207 6.0
376 4940 6.0
379 3540 6.0
382 1267 6.0
385 2146 6.0
387 1299 6.0
388 2313 6.0
389 1855 6.0
394 2231 6.0
406 646 6.0
409 3793 6.0
414 2376 6.0
418 4956 6.0
425 2474 6.0
427 3884 6.0
429 948 6.0
433 4795 6.0
437 2611 6.0
438 594 6.0
443 4589 6.0
449 750 6.0
457 918 6.0
470 1126 6.0
470 4165 6.0
474 1917 6.0
476 1917 6.0
479 4459 6.0
480 3039 6.0
481 2473 6.0
486 3618 6.0
487 3077 6.0
492 2652 6.0
496 1644 6.0
499 1382 6.0
501 642 6.0
502 1600 6.0
502 1925 6.0
510 1599 6.0
517 2902 6.0
517 4276 6.0
519 2056 6.0
520 2001 6.0
520 2643 6.0
525 4513 6.0
528 4047 6.0
529 1249 6.0
529 4240 6.0
532 2850 6.0
536 1908 6.0
549 2745 6.0
552 4840 6.0
559 1192 6.0
560 651 6.0
561 2087 6.0
578 2995 6.0
581 1288 6.0
590 2019 6.0
591 1977 6.0
593 889 6.0
593 4062 6.0
594 4553 6.0
594 4784 6.0
604 932 6.0
614 3060 6.0
616 1444 6.0
617 1343 6.0
617 2189 6.0
635 1346 6.0
644 4299 6.0
650 1270 6.0
655 4621 6.0
659 3096 6.0
661 1775 6.0
663 4655 6.0
664 1253 6.0
668 767 6.0
670 1020 6.0
670 1734 6.0
674 2622 6.0
681 2241 6.0
682 953 6.0
687 2773 6.0
695 1657 6.0
711 2078 6.0
713 1232 6.0
719 723 6.0
722 1294 6.0
722 4829 6.0
725 2959 6.0
735 3519 6.0
736 2811 6.0
737 2278 6.0
740 4097 6.0
741 3106 6.0
746 2836 6.0
748 2496 6.0
752 4912 6.0
755 1090 6.0
760 2150 6.0
762 3827 6.0
762 4266 6.0
764 4682 6.0
765 2693 6.0
767 4062 6.0
770 2986 6.0
771 3532 6.0
774 3317 6.0
781 3900 6.0
783 1004 6.0
788 794 6.0
788 2839 6.0
791 1231 6.0
800 2767 6.0
810 2177 6.0
810 3611 6.0
813 2295 6.0
825 1319 6.0
830 1128 6.0
863 3682 6.0
869 4526 6.0
871 3663 6.0
872 2047 6.0
872 3438 6.0
897 2244 6.0
903 1688 6.0
906 3813 6.0
907 2230 6.0
911 1097 6.0
913 3922 6.0
914 2755 6.0
915 2115 6.0
927 3246 6.0
935 1116 6.0
935 4579 6.0
938 1139 6.0
946 3574 6.0
950 1300 6.0
958 4279 6.0
960 4755 6.0
964 3075 6.0
965 3781 6.0
968 2711 6.0
973 3829 6.0
982 1832 6.0
985 1140 6.0
989 3645 6.0
995 4661 6.0
1009 4502 6.0
1020 1792 6.0
1020 3171 6.0
1026 1232 6.0
1028 2445 6.0
1029 2959 6.0
1029 4045 6.0
1037 2072 6.0
1043 4521 6.0
1049 4070 6.0
1055 4120 6.0
1056 3038 6.0
1057 2014 6.0
1059 3887 6.0
1065 1359 6.0
1065 4333 6.0
1077 4433 6.0
1078 3343 6.0
1081 4204 6.0
1082 4292 6.0
1085 3439 6.0
1086 4442 6.0
1093 1557 6.0
1095 1824 6.0
1102 2358 6.0
1109 3327 6.0
1111 3837 6.0
1120 2544 6.0
1129 4393 6.0
1131 1808 6.0
1136 3977 6.0
1139 1802 6.0
1146 1479 6.0
1148 2125 6.0
1152 3557 6.0
1155 3428 6.0
1158 390 6.0
1161 1494 6.0
1165 3712 6.0
1166 2678 6.0
1166 4757 6.0
1168 3118 6.0
1169 4762 6.0
1188 4243 6.0
1190 1550 6.0
1193 1465 6.0
1195 2095 6.0
1198 4490 6.0
1207 3579 6.0
1216 2661 6.0
1216 4600 6.0
1221 2312 6.0
1223 2920 6.0
1225 1585 6.0
1227 2705 6.0
1230 3283 6.0
1234 3821 6.0
1235 2852 6.0
1235 3768 6.0
1243 3254 6.0
1251 2313 6.0
1254 1484 6.0
1261 4120 6.0
1262 4914 6.0
1263 1503 6.0
1264 1706 6.0
1266 4328 6.0
1274 1851 6.0
1283 1824 6.0
1289 1758 6.0
1290 2648 6.0
1291 1515 6.0
1302 1720 6.0
1304 3293 6.0
1310 1516 6.0
1310 3294 6.0
1313 2633 6.0
1323 3575 6.0
1331 3084 6.0
1335 3835 6.0
1338 2156 6.0
1352 4187 6.0
1355 1358 6.0
1355 1410 6.0
1358 4630 6.0
1360 3895 6.0
1363 2411 6.0
1367 3546 6.0
1369 1465 6.0
1375 2474 6.0
1395 4321 6.0
1401 3096 6.0
1402 4242 6.0
1418 3983 6.0
1424 2091 6.0
1429 3363 6.0
1429 3746 6.0
1432 3107 6.0
1439 4074 6.0
1441 3040 6.0
1448 3337 6.0
1464 3692 6.0
1468 3943 6.0
1480 3839 6.0
1480 4115 6.0
1493 4537 6.0
1500 4722 6.0
1503 4262 6.0
1507 4582 6.0
1508 3251 6.0
1510 3560 6.0
1512 2217 6.0
1514 4082 6.0
1519 2092 6.0
1523 1555 6.0
1525 2531 6.0
1527 4608 6.0
1528 4316 6.0
1530 3549 6.0
1531 3843 6.0
1533 3814 6.0
1535 2825 6.0
1543 1883 6.0
1546 2219 6.0
1546 4491 6.0
1549 2210 6.0
1557 2810 6.0
1559 3193 6.0
1566 1791 6.0
1568 4922 6.0
1569 2773 6.0
1577 1613 6.0
1588 2377 6.0
1590 3771 6.0
1593 3497 6.0
1597 3151 6.0
1602 4857 6.0
1612 4055 6.0
1613 4410 6.0
1618 2577 6.0
1639 2043 6.0
1655 2936 6.0
1656 2063 6.0
1662 1890 6.0
1663 4113 6.0
1665 2602 6.0
1672 2416 6.0
1681 4088 6.0
1683 4229 6.0
1700 3483 6.0
1724 2069 6.0
1734 4057 6.0
1738 2638 6.0
1738 4577 6.0
1739 2149 6.0
1739 3871 6.0
1749 4719 6.0
1754 3985 6.0
1760 2725 6.0
1765 2608 6.0
1778 3289 6.0
1785 2502 6.0
1791 3711 6.0
1791 3767 6.0
1794 2287 6.0
1796 3947 6.0
1798 3094 6.0
1820 4690 6.0
1839 4339 6.0
1841 4464 6.0
1865 2553 6.0
1868 2337 6.0
1885 2148 6.0
1888 1988 6.0
1891 3665 6.0
1900 2330 6.0
1904 3419 6.0
1906 4306 6.0
1910 3459 6.0
1920 3261 6.0
1937 2494 6.0
1937 4843 6.0
1958 2069 6.0
1958 4632 6.0
1963 4166 6.0
1963 4397 6.0
1973 3514 6.0
1980 2252 6.0
1982 3894 6.0
1986 2245 6.0
1989 4371 6.0
1995 2785 6.0
2001 2578 6.0
2015 3566 6.0
2024 2845 6.0
2030 3404 6.0
2032 3832 6.0
2044 2229 6.0
2045 4307 6.0
2052 3491 6.0
2055 3567 6.0
2064 2732 6.0
2067 2321 6.0
2067 4378 6.0
2070 3358 6.0
2080 4946 6.0
2101 3959 6.0
2102 2317 6.0
2107 4891 6.0
2118 3324 6.0
2120 3827 6.0
2127 2529 6.0
2128 1264 6.0
2129 2297 6.0
2145 3248 6.0
2158 2593 6.0
2176 4974 6.0
2178 3252 6.0
2197 3245 6.0
2197 4645 6.0
2225 3743 6.0
2225 4087 6.0
2232 4296 6.0
2238 2375 6.0
2238 3589 6.0
2251 2616 6.0
2258 2411 6.0
2261 2829 6.0
2262 4084 6.0
2268 4933 6.0
2277 4572 6.0
2279 3516 6.0
2293 3139 6.0
2315 4004 6.0
2320 3338 6.0
2320 4593 6.0
2323 4764 6.0
2324 2511 6.0
2324 2799 6.0
2329 4699 6.0
2330 4975 6.0
2331 3690 6.0
2336 2934 6.0
2336 4182 6.0
2338 4918 6.0
2348 4852 6.0
2355 4487 6.0
2388 2733 6.0
2388 3496 6.0
2393 2902 6.0
2409 2593 6.0
2421 3264 6.0
2426 2863 6.0
2435 2684 6.0
2454 4559 6.0
2458 4217 6.0
2459 2500 6.0
2471 4501 6.0
2480 2807 6.0
2490 3401 6.0
2493 1661 6.0
2495 2930 6.0
2497 3423 6.0
2500 3155 6.0
2509 2524 6.0
2514 4504 6.0
2521 4139 6.0
2537 4767 6.0
2540 2682 6.0
2547 3856 6.0
2548 2917 6.0
2555 2679 6.0
2560 2973 6.0
2560 3142 6.0
2580 3989 6.0
2583 4424 6.0
2592 3175 6.0
2601 3344 6.0
2602 3127 6.0
2637 3040 6.0
2637 3892 6.0
2644 3096 6.0
2662 4237 6.0
2677 3976 6.0
2683 4436 6.0
2697 3243 6.0
2697 4928 6.0
2698 2885 6.0
2698 4741 6.0
2702 3678 6.0
2710 3822 6.0
2711 3268 6.0
2713 4038 6.0
2714 4548 6.0
2726 2830 6.0
2730 4715 6.0
2740 2897 6.0
2740 4619 6.0
2752 3452 6.0
2768 2923 6.0
2775 577 6.0
2777 3101 6.0
2784 3841 6.0
2797 4018 6.0
2800 4138 6.0
2803 4005 6.0
2803 4599 6.0
2812 4364 6.0
2827 2954 6.0
2838 4163 6.0
2889 3695 6.0
2895 4888 6.0
2901 3284 6.0
2904 3249 6.0
2933 4210 6.0
2935 3152 6.0
2940 4216 6.0
2986 4412 6.0
2987 4506 6.0
2989 4204 6.0
2992 4658 6.0
3072 3589 6.0
3089 4357 6.0
3093 4197 6.0
3101 4098 6.0
3107 3615 6.0
3110 4438 6.0
3112 3332 6.0
3122 683 6.0
3125 3704 6.0
3128 3392 6.0
3129 4328 6.0
3160 3846 6.0
3171 4096 6.0
3182 3329 6.0
3186 4686 6.0
3212 4782 6.0
3217 4148 6.0
3230 3724 6.0
3240 3518 6.0
3249 4283 6.0
3258 4254 6.0
3260 4230 6.0
3262 4291 6.0
3284 4352 6.0
3292 4979 6.0
3297 4709 6.0
3310 3794 6.0
3340 4317 6.0
3369 4575 6.0
3381 3737 6.0
3381 4580 6.0
3387 4308 6.0
3404 4919 6.0
3484 4752 6.0
3489 3773 6.0
3507 3525 6.0
3537 4058 6.0
3550 4466 6.0
3572 4421 6.0
3573 4951 6.0
3575 3998 6.0
3580 4753 6.0
3589 3612 6.0
3591 3788 6.0
3600 3678 6.0
3602 4399 6.0
3662 4973 6.0
3668 4707 6.0
3679 4377 6.0
3683 4603 6.0
3686 4377 6.0
3699 4423 6.0
3704 3747 6.0
3723 4275 6.0
3731 4884 6.0
3739 4656 6.0
3758 3972 6.0
3759 4560 6.0
3760 4825 6.0
3778 4639 6.0
3789 4899 6.0
3863 2904 6.0
3865 4077 6.0
3951 4180 6.0
3966 4453 6.0
3970 4320 6.0
3985 4546 6.0
4071 4437 6.0
4072 4638 6.0
4087 4896 6.0
4106 4288 6.0
4218 4320 6.0
4230 4852 6.0
4255 4322 6.0
4294 1890 6.0
4378 4716 6.0
4383 4899 6.0
4410 4496 6.0
4419 4684 6.0
4427 4549 6.0
4491 4497 6.0
4609 4808 6.0
4622 4686 6.0
4628 4675 6.0
4630 4884 6.0
4752 4806 6.0
4775 4782 6.0
4880 4937 6.0
4921 4966 6.0
0 4351 7.0
1 2619 7.0
1 2950 7.0
6 2883 7.0
12 1510 7.0
15 613 7.0
17 3085 7.0
17 4733 7.0
25 4275 7.0
26 3042 7.0
28 161 7.0
28 696 7.0
35 764 7.0
40 1181 7.0
40 3558 7.0
47 4504 7.0
48 2165 7.0
49 1478 7.0
51 928 7.0
53 4325 7.0
55 4920 7.0
58 3970 7.0
68 4000 7.0
71 4475 7.0
74 2554 7.0
83 4752 7.0
85 3627 7.0
89 834 7.0
94 4172 7.0
95 1134 7.0
102 169 7.0
102 3558 7.0
104 1837 7.0
114 1872 7.0
118 3057 7.0
125 320 7.0
128 4919 7.0
133 891 7.0
144 4826 7.0
148 549 7.0
151 2068 7.0
152 1339 7.0
159 2025 7.0
159 3343 7.0
161 2335 7.0
163 3203 7.0
166 4227 7.0
171 3798 7.0
174 1836 7.0
177 1779 7.0
186 2048 7.0
189 2501 7.0
190 3085 7.0
198 3169 7.0
202 254 7.0
203 3072 7.0
206 543 7.0
210 4481 7.0
224 534 7.0
226 2673 7.0
231 3045 7.0
238 1528 7.0
244 825 7.0
244 4561 7.0
245 541 7.0
245 2792 7.0
246 1253 7.0
250 2538 7.0
255 4474 7.0
269 716 7.0
272 2326 7.0
276 1072 7.0
283 1302 7.0
286 2669 7.0
290 1458 7.0
298 1358 7.0
301 4562 7.0
302 579 7.0
303 4050 7.0
312 830 7.0
315 1109 7.0
317 4216 7.0
318 771 7.0
319 4314 7.0
325 4736 7.0
330 790 7.0
330 3588 7.0
336 758 7.0
339 3648 7.0
342 3079 7.0
342 3729 7.0
345 1323 7.0
345 4550 7.0
348 3206 7.0
350 1963 7.0
350 4652 7.0
355 4407 7.0
361 4601 7.0
371 1303 7.0
372 2915 7.0
375 4230 7.0
393 1601 7.0
395 3608 7.0
399 3801 7.0
416 1224 7.0
418 570 7.0
424 1205 7.0
429 3154 7.0
432 3499 7.0
432 3884 7.0
438 972 7.0
438 3842 7.0
442 1651 7.0
444 2536 7.0
452 1035 7.0
461 4011 7.0
477 3286 7.0
485 4263 7.0
486 2612 7.0
495 1138 7.0
503 2827 7.0
505 3283 7.0
507 2991 7.0
510 4192 7.0
512 3577 7.0
515 2502 7.0
517 2761 7.0
519 630 7.0
520 3090 7.0
521 4133 7.0
523 2304 7.0
525 2070 7.0
538 3798 7.0
540 1909 7.0
542 1660 7.0
542 3247 7.0
543 2699 7.0
556 4203 7.0
567 3214 7.0
567 3287 7.0
569 4340 7.0
574 580 7.0
578 1005 7.0
587 3827 7.0
591 1839 7.0
593 2719 7.0
593 3822 7.0
597 4440 7.0
601 2042 7.0
608 2270 7.0
610 1911 7.0
632 877 7.0
635 865 7.0
639 3064 7.0
640 3666 7.0
642 1578 7.0
642 1630 7.0
643 3875 7.0
645 668 7.0
646 4000 7.0
650 2123 7.0
652 2201 7.0
654 4264 7.0
656 3319 7.0
659 2176 7.0
666 1753 7.0
673 795 7.0
676 3370 7.0
676 4854 7.0
679 3090 7.0
681 869 7.0
682 3135 7.0
690 3585 7.0
699 2215 7.0
704 1873 7.0
707 743 7.0
709 4017 7.0
714 4237 7.0
718 3828 7.0
719 3373 7.0
726 2856 7.0
726 3710 7.0
729 3812 7.0
734 1308 7.0
744 1803 7.0
744 3682 7.0
745 4006 7.0
752 3632 7.0
753 2088 7.0
764 3635 7.0
772 1598 7.0
778 3124 7.0
781 1381 7.0
782 1724 7.0
783 3770 7.0
795 1933 7.0
799 2592 7.0
802 3930 7.0
807 1811 7.0
832 1666 7.0
833 1056 7.0
841 1538 7.0
844 4335 7.0
848 2482 7.0
853 1889 7.0
858 2349 7.0
867 966 7.0
874 4274 7.0
877 4750 7.0
892 1125 7.0
894 4720 7.0
912 3173 7.0
913 4892 7.0
915 2094 7.0
935 2816 7.0
937 1784 7.0
939 2990 7.0
944 4102 7.0
944 4416 7.0
959 2721 7.0
960 1643 7.0
969 4272 7.0
971 1610 7.0
982 4295 7.0
987 2022 7.0
991 4441 7.0
1001 2488 7.0
1002 4765 7.0
1010 2663 7.0
1019 3643 7.0
1021 1319 7.0
1023 1439 7.0
1024 4417 7.0
1029 1032 7.0
1029 4801 7.0
1031 3889 7.0
1041 1937 7.0
1058 4074 7.0
1085 1467 7.0
1087 1870 7.0
1089 3773 7.0
1090 2189 7.0
1097 1628 7.0
1106 2154 7.0
1107 3457 7.0
1112 1268 7.0
1120 2159 7.0
1123 1471 7.0
1128 1915 7.0
1129 3649 7.0
1130 4211 7.0
1133 1540 7.0
1133 4509 7.0
1137 2016 7.0
1137 2507 7.0
1154 1973 7.0
1159 4246 7.0
1179 3946 7.0
1191 4365 7.0
1194 4067 7.0
1197 4816 7.0
1203 1833 7.0
1206 4261 7.0
1208 3671 7.0
1217 1435 7.0
1237 4482 7.0
1240 1462 7.0
1255 3396 7.0
1255 4519 7.0
1263 2249 7.0
1266 4777 7.0
1275 2138 7.0
1277 3222 7.0
1280 1281 7.0
1283 1464 7.0
1298 1781 7.0
1299 4337 7.0
1304 2488 7.0
1305 2160 7.0
1308 3986 7.0
1309 1793 7.0
1317 4835 7.0
1321 4123 7.0
1322 1369 7.0
1325 1545 7.0
1330 1784 7.0
1336 4205 7.0
1345 2044 7.0
1347 4661 7.0
1361 4818 7.0
1371 2442 7.0
1378 4606 7.0
1391 2950 7.0
1391 4715 7.0
1397 2789 7.0
1401 4229 7.0
1402 3552 7.0
1403 3371 7.0
1416 1687 7.0
1417 2256 7.0
1421 3331 7.0
1427 4956 7.0
1435 1487 7.0
1449 2493 7.0
1451 1770 7.0
1454 1827 7.0
1457 2466 7.0
1457 2835 7.0
1457 2840 7.0
1461 3482 7.0
1461 3893 7.0
1472 1567 7.0
1487 3204 7.0
1491 2882 7.0
1495 1562 7.0
1501 4670 7.0
1509 3406 7.0
1509 3803 7.0
1515 3131 7.0
1521 1859 7.0
1528 3387 7.0
1534 4969 7.0
1540 1886 7.0
1542 1722 7.0
1546 2398 7.0
1549 4913 7.0
1552 1649 7.0
1556 3958 7.0
1565 4910 7.0
1573 3228 7.0
1575 1841 7.0
1577 1407 7.0
1592 3743 7.0
1595 3305 7.0
1614 4680 7.0
1626 3135 7.0
1629 3078 7.0
1631 2829 7.0
1632 2507 7.0
1633 1651 7.0
1637 3093 7.0
1638 4707 7.0
1649 2498 7.0
1655 1232 7.0
1656 2058 7.0
1665 2122 7.0
1670 1841 7.0
1670 2726 7.0
1673 2252 7.0
1675 4479 7.0
1693 1902 7.0
1693 2257 7.0
1694 4086 7.0
1708 1742 7.0
1719 3489 7.0
1721 4685 7.0
1722 2307 7.0
1725 2369 7.0
1739 4810 7.0
1759 4111 7.0
1771 3976 7.0
1775 4816 7.0
1776 1779 7.0
1777 3044 7.0
1781 4297 7.0
1786 1788 7.0
1793 2652 7.0
1812 3391 7.0
1815 3586 7.0
1837 4840 7.0
1852 2446 7.0
1852 2614 7.0
1869 3577 7.0
1879 2940 7.0
1879 3785 7.0
1888 4696 7.0
1911 4718 7.0
1919 3441 7.0
1921 2307 7.0
1930 3155 7.0
1944 4460 7.0
1946 3231 7.0
1956 2746 7.0
1960 3710 7.0
1960 4487 7.0
1961 2856 7.0
1992 2502 7.0
2006 2892 7.0
2041 2224 7.0
2051 434 7.0
2060 3506 7.0
2076 3924 7.0
2078 4628 7.0
2085 2656 7.0
2086 3256 7.0
2102 3882 7.0
2107 4907 7.0
2112 4045 7.0
2142 1128 7.0
2147 4782 7.0
2149 3421 7.0
2154 4650 7.0
2158 3025 7.0
2161 4918 7.0
2194 2504 7.0
2200 2413 7.0
2216 3355 7.0
2228 3631 7.0
2229 2752 7.0
2233 2536 7.0
2236 2979 7.0
2241 2426 7.0
2243 3123 7.0
2247 2270 7.0
2250 4393 7.0
2251 4941 7.0
2258 4841 7.0
2260 2359 7.0
2266 3139 7.0
2280 4668 7.0
2301 3647 7.0
2313 3575 7.0
2344 4186 7.0
2350 2899 7.0
2350 4112 7.0
2365 2700 7.0
2379 4492 7.0
2383 2434 7.0
2391 2873 7.0
2415 2718 7.0
2421 4348 7.0
2450 3552 7.0
2458 3187 7.0
2487 3064 7.0
2487 4875 7.0
2490 4028 7.0
2492 4025 7.0
2508 3699 7.0
2509 3946 7.0
2534 3063 7.0
2541 3437 7.0
2561 3870 7.0
2583 4845 7.0
2599 4807 7.0
2601 4340 7.0
2602 4959 7.0
2603 3847 7.0
2614 2800 7.0
2620 3766 7.0
2633 4612 7.0
2640 2773 7.0
2645 3895 7.0
2647 3387 7.0
2668 4756 7.0
2682 4321 7.0
2695 4392 7.0
2719 2957 7.0
2724 3640 7.0
2728 3630 7.0
2736 3020 7.0
2742 4774 7.0
2752 3556 7.0
2756 328 7.0
2764 3194 7.0
2766 3199 7.0
2770 4072 7.0
2793 2817 7.0
2809 4709 7.0
2813 2833 7.0
2813 4459 7.0
2855 3414 7.0
2875 3614 7.0
2883 4673 7.0
2894 3487 7.0
2895 3714 7.0
2926 2969 7.0
2938 4577 7.0
2956 3470 7.0
2963 2999 7.0
2976 4379 7.0
3002 4171 7.0
3012 4781 7.0
3016 1699 7.0
3023 4154 7.0
3043 4098 7.0
3081 3843 7.0
3108 4646 7.0
3121 4627 7.0
3123 3332 7.0
3130 4814 7.0
3143 4212 7.0
3196 4085 7.0
3222 3265 7.0
3224 4026 7.0
3260 3522 7.0
3265 3453 7.0
3265 4923 7.0
3271 4571 7.0
3293 4108 7.0
3303 3355 7.0
3316 3766 7.0
3322 3344 7.0
3337 3826 7.0
3340 4825 7.0
3343 4795 7.0
3344 3666 7.0
3354 4664 7.0
3375 3877 7.0
3376 4235 7.0
3385 1650 7.0
3401 4660 7.0
3443 4626 7.0
3511 3611 7.0
3539 4861 7.0
3545 4110 7.0
3550 4543 7.0
3551 3897 7.0
3586 4336 7.0
3611 4835 7.0
3639 4470 7.0
3650 4025 7.0
3691 4292 7.0
3694 4945 7.0
3715 4222 7.0
3719 1807 7.0
3747 4250 7.0
3760 4403 7.0
3768 4289 7.0
3830 4027 7.0
3838 3257 7.0
3843 4483 7.0
3877 4382 7.0
3878 4104 7.0
3931 4348 7.0
3938 3863 7.0
3943 4839 7.0
3949 4442 7.0
3955 4602 7.0
3966 4042 7.0
3980 4176 7.0
4059 4902 7.0
4068 4521 7.0
4090 4375 7.0
4092 4725 7.0
4093 4839 7.0
4102 4128 7.0
4105 4517 7.0
4109 4968 7.0
4120 4273 7.0
4139 4201 7.0
4156 4313 7.0
4180 4405 7.0
4206 4647 7.0
4238 46 7.0
4259 4541 7.0
4355 4978 7.0
4375 4551 7.0
4391 4395 7.0
4396 4843 7.0
4471 1493 7.0
4730 4813 7.0
4883 2443 7.0
4920 301 7.0
11 3229 8.0
12 3724 8.0
16 398 8.0
22 857 8.0
29 4478 8.0
36 4881 8.0
64 1582 8.0
64 1797 8.0
65 2551 8.0
69 947 8.0
71 2290 8.0
84 133 8.0
89 3249 8.0
97 4253 8.0
101 4949 8.0
103 4857 8.0
115 2371 8.0
117 3052 8.0
118 3961 8.0
127 4657 8.0
130 1647 8.0
130 1738 8.0
132 1174 8.0
134 3958 8.0
144 1425 8.0
157 605 8.0
160 626 8.0
160 3215 8.0
173 3301 8.0
177 2308 8.0
187 4530 8.0
188 2885 8.0
196 1211 8.0
197 1206 8.0
198 1419 8.0
199 1903 8.0
224 3029 8.0
238 3011 8.0
240 3869 8.0
242 3746 8.0
242 4675 8.0
250 440 8.0
252 2139 8.0
254 4557 8.0
266 3044 8.0
274 1730 8.0
279 1797 8.0
290 1329 8.0
291 4892 8.0
293 3088 8.0
295 2543 8.0
296 4875 8.0
306 3641 8.0
308 4455 8.0
311 4390 8.0
322 4606 8.0
329 997 8.0
333 2957 8.0
337 2774 8.0
338 3102 8.0
344 3498 8.0
345 1495 8.0
346 1927 8.0
351 4694 8.0
353 4276 8.0
359 4610 8.0
365 4729 8.0
368 1236 8.0
370 1959 8.0
371 4679 8.0
377 2646 8.0
383 385 8.0
392 3631 8.0
399 1210 8.0
400 4811 8.0
401 4020 8.0
405 4974 8.0
407 693 8.0
408 2671 8.0
416 554 8.0
416 3712 8.0
418 1087 8.0
418 2350 8.0
424 4265 8.0
430 1036 8.0
439 2146 8.0
448 4831 8.0
450 1940 8.0
460 485 8.0
460 2999 8.0
463 1871 8.0
468 1306 8.0
474 1585 8.0
477 4958 8.0
479 2727 8.0
483 2197 8.0
485 4674 8.0
487 4525 8.0
495 2362 8.0
498 1114 8.0
508 2018 8.0
513 2760 8.0
519 4287 8.0
524 1105 8.0
531 1332 8.0
536 1307 8.0
538 2569 8.0
539 1664 8.0
548 1647 8.0
551 3040 8.0
555 1281 8.0
562 764 8.0
564 4628 8.0
565 609 8.0
566 1366 8.0
569 637 8.0
574 1353 8.0
576 2262 8.0
592 600 8.0
598 4494 8.0
600 985 8.0
601 4908 8.0
606 3907 8.0
607 3529 8.0
610 1250 8.0
610 4334 8.0
611 4130 8.0
619 3958 8.0
623 1252 8.0
625 3294 8.0
625 4248 8.0
635 1741 8.0
637 1578 8.0
654 2707 8.0
656 686 8.0
657 1694 8.0
667 2826 8.0
671 4715 8.0
680 4789 8.0
684 3722 8.0
684 3838 8.0
685 1856 8.0
688 986 8.0
690 3365 8.0
692 3891 8.0
698 4395 8.0
698 4501 8.0
703 2723 8.0
705 2872 8.0
710 4571 8.0
710 4891 8.0
718 2879 8.0
730 3210 8.0
732 2243 8.0
733 1830 8.0
735 3178 8.0
736 1098 8.0
736 3763 8.0
737 3294 8.0
739 4417 8.0
753 1871 8.0
758 4964 8.0
767 4790 8.0
779 3933 8.0
784 1434 8.0
786 3115 8.0
789 1498 8.0
793 1592 8.0
798 1023 8.0
798 3212 8.0
801 976 8.0
801 4159 8.0
804 3487 8.0
812 2636 8.0
813 2709 8.0
816 925 8.0
818 2543 8.0
818 2736 8.0
823 2795 8.0
823 4168 8.0
831 1415 8.0
831 1930 8.0
838 905 8.0
851 1330 8.0
855 4819 8.0
864 2098 8.0
865 1427 8.0
865 3956 8.0
867 1340 8.0
869 1731 8.0
871 4703 8.0
879 2103 8.0
879 3194 8.0
892 1352 8.0
892 2208 8.0
894 1330 8.0
909 3981 8.0
914 4505 8.0
916 960 8.0
920 927 8.0
921 4923 8.0
930 3584 8.0
932 2101 8.0
934 3270 8.0
941 1168 8.0
954 3317 8.0
959 1776 8.0
959 2495 8.0
962 4711 8.0
975 3756 8.0
978 3533 8.0
980 2471 8.0
980 3884 8.0
995 1928 8.0
998 2947 8.0
1004 1618 8.0
1006 4405 8.0
1007 1954 8.0
1013 4217 8.0
1025 1536 8.0
1040 1192 8.0
1041 3303 8.0
1046 1633 8.0
1046 2368 8.0
1051 3394 8.0
1053 2683 8.0
1053 3484 8.0
1062 4871 8.0
1064 1829 8.0
1075 3502 8.0
1079 4523 8.0
1083 1144 8.0
1089 4691 8.0
1093 1206 8.0
1097 3844 8.0
1108 1346 8.0
1111 4398 8.0
1113 1767 8.0
1113 1777 8.0
1114 3173 8.0
1125 3190 8.0
1142 1452 8.0
1150 4316 8.0
1151 2008 8.0
1160 1543 8.0
1160 4219 8.0
1171 3333 8.0
1179 1240 8.0
1183 3898 8.0
1187 2230 8.0
1195 4437 8.0
1207 3002 8.0
1211 4975 8.0
1215 2927 8.0
1216 1541 8.0
1229 4247 8.0
1246 3256 8.0
1247 4500 8.0
1250 3883 8.0
1260 3052 8.0
1262 3445 8.0
1270 1771 8.0
1271 1644 8.0
1272 4458 8.0
1285 3734 8.0
1294 1862 8.0
1295 2223 8.0
1296 4778 8.0
1303 3835 8.0
1303 3929 8.0
1312 1634 8.0
1319 4166 8.0
1326 1724 8.0
1333 1527 8.0
1337 2121 8.0
1341 4744 8.0
1346 3027 8.0
1349 4346 8.0
1349 4446 8.0
1351 2336 8.0
1366 2292 8.0
1366 2700 8.0
1374 2700 8.0
1381 1437 8.0
1386 2680 8.0
1386 4527 8.0
1394 2587 8.0
1395 1969 8.0
1399 3736 8.0
1421 3190 8.0
1422 2827 8.0
1427 1489 8.0
1430 2254 8.0
1433 3410 8.0
1438 4535 8.0
1448 2069 8.0
1461 1899 8.0
1472 2438 8.0
1477 2861 8.0
1477 4022 8.0
1477 4026 8.0
1481 3424 8.0
1482 1507 8.0
1486 4004 8.0
1489 4068 8.0
1495 4149 8.0
1498 2694 8.0
1500 1793 8.0
1504 4406 8.0
1512 2208 8.0
1521 4871 8.0
1523 3911 8.0
1524 2514 8.0
1525 2637 8.0
1530 4650 8.0
1575 4971 8.0
1596 3929 8.0
1602 2044 8.0
1603 4424 8.0
1607 3022 8.0
1609 4285 8.0
1612 1749 8.0
1612 1949 8.0
1614 4565 8.0
1615 2397 8.0
1619 2046 8.0
1624 4064 8.0
1632 4817 8.0
1640 4538 8.0
1643 4779 8.0
1653 4948 8.0
1668 3441 8.0
1681 2033 8.0
1695 3005 8.0
1712 3509 8.0
1742 1970 8.0
1748 3388 8.0
1757 2926 8.0
1761 2099 8.0
1762 4410 8.0
1764 2402 8.0
1771 1847 8.0
1775 3700 8.0
1787 4827 8.0
1800 3187 8.0
1813 3947 8.0
1821 2791 8.0
1830 3131 8.0
1833 2868 8.0
1835 4734 8.0
1836 3490 8.0
1838 2035 8.0
1839 2680 8.0
1839 4507 8.0
1843 4316 8.0
1847 3820 8.0
1849 4086 8.0
1852 3185 8.0
1857 4206 8.0
1858 3740 8.0
1861 2591 8.0
1868 3313 8.0
1870 4653 8.0
1934 2983 8.0
1938 3789 8.0
1951 3072 8.0
1954 4248 8.0
1956 191 8.0
1966 3148 8.0
1968 3298 8.0
1976 2563 8.0
1977 3186 8.0
1977 4719 8.0
1986 4703 8.0
2002 2383 8.0
2016 2968 8.0
2030 4668 8.0
2031 4617 8.0
2049 1494 8.0
2051 2979 8.0
2058 2852 8.0
2061 3505 8.0
2065 3934 8.0
2083 3930 8.0
2083 4821 8.0
2113 4083 8.0
2120 2636 8.0
2122 2558 8.0
2124 3306 8.0
2152 2181 8.0
2154 3015 8.0
2172 2228 8.0
2172 3677 8.0
2177 3053 8.0
2185 3327 8.0
2185 3670 8.0
2194 2365 8.0
2199 4457 8.0
2207 2732 8.0
2220 2391 8.0
2240 4232 8.0
2242 3100 8.0
2242 3893 8.0
2244 3755 8.0
2263 3182 8.0
2267 3187 8.0
2275 269 8.0
2280 4202 8.0
2282 4779 8.0
2282 4943 8.0
2295 3499 8.0
2298 2834 8.0
2325 3848 8.0
2332 2477 8.0
2343 4765 8.0
2352 4344 8.0
2383 3407 8.0
2387 2417 8.0
2411 2420 8.0
2422 4399 8.0
2427 4253 8.0
2447 4851 8.0
2461 2676 8.0
2472 2994 8.0
2474 3655 8.0
2478 3203 8.0
2480 1980 8.0
2480 4590 8.0
2510 3536 8.0
2511 4432 8.0
2520 4199 8.0
2527 3933 8.0
2530 4772 8.0
2531 2983 8.0
2535 2559 8.0
2538 2978 8.0
2543 3783 8.0
2544 3496 8.0
2548 3044 8.0
2562 4851 8.0
2573 3401 8.0
2612 3596 8.0
2623 3673 8.0
2623 4351 8.0
2634 3112 8.0
2645 3478 8.0
2654 172 8.0
2675 3764 8.0
2694 3719 8.0
2733 4254 8.0
2747 4249 8.0
2749 4913 8.0
2755 4105 8.0
2780 3773 8.0
2812 3298 8.0
2818 3890 8.0
2819 4108 8.0
2822 3943 8.0
2872 3418 8.0
2877 4129 8.0
2894 3776 8.0
2894 4495 8.0
2896 4018 8.0
2899 3961 8.0
2900 2197 8.0
2913 3157 8.0
2920 3727 8.0
2921 4506 8.0
2924 4467 8.0
2928 3679 8.0
2931 3230 8.0
2935 2356 8.0
2945 1904 8.0
2947 2942 8.0
2948 3592 8.0
2958 3073 8.0
2958 3302 8.0
2960 3597 8.0
2988 3192 8.0
2990 3685 8.0
3008 4525 8.0
3009 4578 8.0
3024 4813 8.0
3031 3112 8.0
3043 3994 8.0
3048 4117 8.0
3061 3808 8.0
3076 4228 8.0
3085 3389 8.0
3093 4544 8.0
3102 4495 8.0
3119 3462 8.0
3124 4871 8.0
3135 4080 8.0
3178 4500 8.0
3183 4561 8.0
3196 3839 8.0
3233 3673 8.0
3255 3493 8.0
3267 4187 8.0
3286 4244 8.0
3290 4614 8.0
3309 2319 8.0
3320 4697 8.0
3375 4718 8.0
3401 4337 8.0
3411 3947 8.0
3423 4169 8.0
3429 4771 8.0
3454 4367 8.0
3468 4865 8.0
3488 3703 8.0
3519 3911 8.0
3530 4044 8.0
3535 3953 8.0
3542 4229 8.0
3563 4225 8.0
3565 3962 8.0
3577 1393 8.0
3578 4131 8.0
3593 3760 8.0
3634 4343 8.0
3646 4249 8.0
3649 3850 8.0
3657 3703 8.0
3664 3685 8.0
3669 3997 8.0
3671 3742 8.0
3674 3725 8.0
3699 4457 8.0
3729 4957 8.0
3733 3980 8.0
3748 4828 8.0
3753 4629 8.0
3758 4579 8.0
3844 4126 8.0
3846 4116 8.0
3879 3991 8.0
3886 4090 8.0
3916 4462 8.0
3923 4211 8.0
3925 4219 8.0
3956 4540 8.0
3973 4280 8.0
4014 4549 8.0
4036 833 8.0
4042 4696 8.0
4109 4672 8.0
4167 2656 8.0
4183 4704 8.0
4267 4325 8.0
4303 4888 8.0
4327 4692 8.0
4384 4815 8.0
4463 4764 8.0
4515 3648 8.0
4527 4642 8.0
4631 4729 8.0
4634 4928 8.0
4640 4834 8.0
4741 4867 8.0
4742 4727 8.0
4 67 9.0
8 2622 9.0
31 3556 9.0
32 1585 9.0
39 943 9.0
42 2968 9.0
43 526 9.0
47 496 9.0
53 1061 9.0
59 206 9.0
64 2436 9.0
65 1168 9.0
67 4235 9.0
77 3163 9.0
79 4650 9.0
96 4408 9.0
106 2173 9.0
116 992 9.0
116 4715 9.0
127 1205 9.0
131 188 9.0
137 1389 9.0
141 3121 9.0
149 1764 9.0
158 798 9.0
173 1917 9.0
179 4213 9.0
180 1455 9.0
192 3620 9.0
196 1601 9.0
213 2635 9.0
220 3739 9.0
227 1072 9.0
231 3438 9.0
239 3421 9.0
252 2572 9.0
253 2566 9.0
259 2315 9.0
264 2830 9.0
265 2911 9.0
267 1588 9.0
273 4820 9.0
277 1942 9.0
277 2086 9.0
279 3182 9.0
285 3824 9.0
286 2451 9.0
287 1762 9.0
296 875 9.0
298 3005 9.0
299 4139 9.0
305 406 9.0
306 885 9.0
331 4266 9.0
334 3044 9.0
337 573 9.0
347 4666 9.0
358 1426 9.0
363 4206 9.0
374 4873 9.0
378 674 9.0
379 4365 9.0
394 2436 9.0
396 4873 9.0
401 2605 9.0
407 1468 9.0
415 2248 9.0
428 3929 9.0
429 4548 9.0
441 4815 9.0
451 4104 9.0
462 3585 9.0
473 4777 9.0
477 3148 9.0
486 3541 9.0
488 4059 9.0
501 2222 9.0
508 2478 9.0
519 1653 9.0
523 4390 9.0
527 1835 9.0
531 2791 9.0
533 2798 9.0
547 1715 9.0
563 963 9.0
581 1708 9.0
584 3978 9.0
599 1293 9.0
607 4909 9.0
611 1282 9.0
620 4015 9.0
628 3831 9.0
629 2639 9.0
645 2507 9.0
652 3766 9.0
654 1484 9.0
703 1840 9.0
709 1887 9.0
718 1392 9.0
723 4040 9.0
742 1284 9.0
750 890 9.0
804 3721 9.0
805 4232 9.0
816 1664 9.0
816 4951 9.0
821 2712 9.0
822 1520 9.0
840 4805 9.0
843 1411 9.0
844 1244 9.0
848 4567 9.0
849 1073 9.0
853 3573 9.0
855 3786 9.0
887 4372 9.0
896 3221 9.0
903 1707 9.0
909 2657 9.0
917 3136 9.0
934 1104 9.0
942 1060 9.0
950 3407 9.0
954 2000 9.0
966 4916 9.0
969 2214 9.0
975 3951 9.0
981 1853 9.0
988 3092 9.0
989 4341 9.0
996 3803 9.0
999 1846 9.0
1002 1872 9.0
1015 2964 9.0
1024 3992 9.0
1047 3035 9.0
1050 1104 9.0
1050 3772 9.0
1066 2903 9.0
1074 2650 9.0
1074 4083 9.0
1085 1282 9.0
1093 1623 9.0
1102 3426 9.0
1104 3402 9.0
1105 3882 9.0
1142 1991 9.0
1166 3748 9.0
1172 1388 9.0
1173 2810 9.0
1177 3723 9.0
1202 4181 9.0
1209 3612 9.0
1231 2641 9.0
1239 3027 9.0
1245 3714 9.0
1252 2527 9.0
1278 3805 9.0
1295 3936 9.0
1309 2742 9.0
1312 1392 9.0
1317 2323 9.0
1347 2757 9.0
1347 3860 9.0
1357 3775 9.0
1360 3099 9.0
1364 4938 9.0
1379 2616 9.0
1380 4476 9.0
1397 2257 9.0
1420 3683 9.0
1423 3761 9.0
1432 4129 9.0
1453 3909 9.0
1476 1512 9.0
1482 2469 9.0
1482 4889 9.0
1485 3733 9.0
1505 4803 9.0
1526 4861 9.0
1531 3313 9.0
1537 1752 9.0
1538 3278 9.0
1544 2037 9.0
1554 1968 9.0
1559 2198 9.0
1580 3267 9.0
1588 1813 9.0
1588 4019 9.0
1595 3570 9.0
1597 2117 9.0
1604 2737 9.0
1608 1669 9.0
1618 2761 9.0
1635 4837 9.0
1640 4350 9.0
1642 1740 9.0
1648 2974 9.0
1648 3477 9.0
1669 3113 9.0
1677 3216 9.0
1678 2428 9.0
1678 4285 9.0
1694 2982 9.0
1711 2075 9.0
1716 1747 9.0
1716 2036 9.0
1721 2357 9.0
1723 2123 9.0
1723 4640 9.0
1730 2877 9.0
1747 4408 9.0
1750 1628 9.0
1765 1932 9.0
1783 2897 9.0
1787 2928 9.0
1788 3270 9.0
1800 3909 9.0
1810 4161 9.0
1826 4404 9.0
1828 2284 9.0
1866 2564 9.0
1877 3529 9.0
1883 2113 9.0
1898 2379 9.0
1911 3948 9.0
1931 2451 9.0
1946 3677 9.0
1952 4555 9.0
1972 3990 9.0
1975 3139 9.0
1979 2258 9.0
2023 4776 9.0
2031 3645 9.0
2032 2469 9.0
2039 4328 9.0
2062 3174 9.0
2080 4476 9.0
2094 2597 9.0
2105 2962 9.0
2105 4656 9.0
2122 3087 9.0
2131 4847 9.0
2133 4653 9.0
2133 4717 9.0
2198 4277 9.0
2202 2359 9.0
2204 4566 9.0
2214 4301 9.0
2216 2417 9.0
2275 4897 9.0
2276 4126 9.0
2285 4909 9.0
2286 4779 9.0
2300 3026 9.0
2305 4524 9.0
2332 4165 9.0
2334 3282 9.0
2349 2806 9.0
2353 4286 9.0
2353 4823 9.0
2372 4677 9.0
2378 2543 9.0
2378 3966 9.0
2395 4178 9.0
2409 3450 9.0
2425 3119 9.0
2434 3869 9.0
2446 2766 9.0
2478 4711 9.0
2487 3191 9.0
2496 4811 9.0
2523 3124 9.0
2533 2976 9.0
2540 3770 9.0
2563 2879 9.0
2564 2994 9.0
2566 2613 9.0
2572 2586 9.0
2587 4871 9.0
2591 4183 9.0
2598 4555 9.0
2607 3677 9.0
2623 3557 9.0
2626 2677 9.0
2633 4678 9.0
2645 3621 9.0
2667 3119 9.0
2721 4388 9.0
2737 3770 9.0
2737 3792 9.0
2821 4111 9.0
2826 3522 9.0
2829 3270 9.0
2831 4405 9.0
2851 4110 9.0
2891 472 9.0
2968 4520 9.0
2974 4595 9.0
2975 3440 9.0
3018 3104 9.0
3067 4463 9.0
3068 3485 9.0
3068 4198 9.0
3147 4066 9.0
3148 4688 9.0
3175 4858 9.0
3177 2752 9.0
3177 3805 9.0
3184 3233 9.0
3192 3501 9.0
3227 3854 9.0
3253 3510 9.0
3258 4021 9.0
3274 4333 9.0
3291 3771 9.0
3316 4445 9.0
3335 982 9.0
3342 3687 9.0
3359 3918 9.0
3362 797 9.0
3368 4945 9.0
3377 877 9.0
3416 4257 9.0
3448 4031 9.0
3448 4241 9.0
3450 4122 9.0
3481 4620 9.0
3492 4209 9.0
3500 3914 9.0
3510 4698 9.0
3518 4364 9.0
3536 4823 9.0
3562 4648 9.0
3565 341 9.0
3634 3882 9.0
3668 4337 9.0
3669 3978 9.0
3736 4694 9.0
3749 4345 9.0
3757 3043 9.0
3770 4465 9.0
3836 4354 9.0
3839 4353 9.0
3861 3901 9.0
3864 4889 9.0
3881 4598 9.0
3882 4687 9.0
3907 4691 9.0
4021 4387 9.0
4029 1304 9.0
4105 4848 9.0
4194 4592 9.0
4355 63 9.0
4417 2341 9.0
4452 4555 9.0
4499 4761 9.0
4607 4897 9.0
4707 4814 9.0
4858 4947 9.0
4973 4138 9.0
3 2539 10.0
5 2173 10.0
10 759 10.0
10 1598 10.0
19 4918 10.0
23 385 10.0
30 120 10.0
49 2739 10.0
49 3389 10.0
50 4822 10.0
70 2910 10.0
72 3932 10.0
82 1685 10.0
82 3816 10.0
84 4260 10.0
86 3369 10.0
91 1778 10.0
106 2121 10.0
109 149 10.0
112 4183 10.0
119 2399 10.0
122 3616 10.0
122 4287 10.0
125 2972 10.0
132 4150 10.0
135 4293 10.0
136 273 10.0
147 555 10.0
147 870 10.0
168 1472 10.0
169 4492 10.0
176 2910 10.0
181 4933 10.0
187 1214 10.0
188 3848 10.0
190 3025 10.0
209 2878 10.0
218 844 10.0
219 3007 10.0
236 1740 10.0
236 2969 10.0
242 3460 10.0
243 3236 10.0
267 2764 10.0
275 3184 10.0
277 828 10.0
285 1684 10.0
299 1332 10.0
303 761 10.0
303 3414 10.0
308 4724 10.0
318 1504 10.0
338 4877 10.0
343 1047 10.0
353 2164 10.0
354 2125 10.0
368 4323 10.0
377 1669 10.0
377 4491 10.0
381 1399 10.0
386 1740 10.0
404 796 10.0
404 1871 10.0
406 4381 10.0
450 1458 10.0
459 1453 10.0
460 2706 10.0
460 3319 10.0
465 3781 10.0
467 3049 10.0
473 1389 10.0
477 3766 10.0
491 1115 10.0
492 4520 10.0
494 2824 10.0
494 4467 10.0
498 4887 10.0
506 3706 10.0
513 4830 10.0
514 743 10.0
518 3097 10.0
540 1743 10.0
547 1586 10.0
547 3802 10.0
563 1226 10.0
571 574 10.0
578 4697 10.0
583 4512 10.0
587 4618 10.0
596 3263 10.0
598 2134 10.0
602 1412 10.0
606 3378 10.0
607 914 10.0
610 4516 10.0
618 1563 10.0
628 2068 10.0
636 2965 10.0
639 2076 10.0
660 1795 10.0
660 3063 10.0
677 3808 10.0
685 3639 10.0
692 958 10.0
702 1881 10.0
743 1804 10.0
746 3067 10.0
758 1561 10.0
766 4360 10.0
772 903 10.0
773 3388 10.0
776 3102 10.0
778 2124 10.0
786 3904 10.0
807 1239 10.0
812 4643 10.0
814 2173 10.0
821 914 10.0
821 4945 10.0
835 2189 10.0
836 1054 10.0
836 4748 10.0
841 4756 10.0
852 2020 10.0
878 3248 10.0
890 4350 10.0
891 4766 10.0
900 2175 10.0
901 4949 10.0
903 4594 10.0
904 1592 10.0
909 2781 10.0
928 2406 10.0
940 2109 10.0
971 4149 10.0
974 3375 10.0
992 4746 10.0
1011 2774 10.0
1030 2988 10.0
1036 4687 10.0
1039 3780 10.0
1040 2403 10.0
1067 4134 10.0
1101 4626 10.0
1103 4525 10.0
1116 2061 10.0
1140 1752 10.0
1146 2417 10.0
1146 3025 10.0
1147 1962 10.0
1162 4584 10.0
1182 3492 10.0
1191 2389 10.0
1199 1587 10.0
1200 4903 10.0
1201 1300 10.0
1202 1333 10.0
1202 1586 10.0
1202 3011 10.0
1203 1770 10.0
1207 2059 10.0
1214 1309 10.0
1223 2284 10.0
1236 4904 10.0
1238 1316 10.0
1265 2234 10.0
1280 1909 10.0
1284 4420 10.0
1290 4071 10.0
1293 2750 10.0
1295 4847 10.0
1302 1404 10.0
1317 2037 10.0
1342 4762 10.0
1380 1422 10.0
1417 3034 10.0
1429 4701 10.0
1433 3674 10.0
1437 3479 10.0
1442 3198 10.0
1464 1505 10.0
1466 3505 10.0
1471 2191 10.0
1476 3026 10.0
1485 3523 10.0
1497 2140 10.0
1529 3178 10.0
1560 4830 10.0
1571 3529 10.0
1591 1729 10.0
1603 4976 10.0
1632 3429 10.0
1635 2157 10.0
1635 4241 10.0
1638 2762 10.0
1638 3544 10.0
1641 3592 10.0
1686 1971 10.0
1702 4486 10.0
1715 4384 10.0
1740 3153 10.0
1747 2250 10.0
1751 3708 10.0
1756 2041 10.0
1763 3717 10.0
1764 3418 10.0
1768 2271 10.0
1778 2765 10.0
1787 2068 10.0
1799 3624 10.0
1810 4612 10.0
1816 1967 10.0
1819 4629 10.0
1820 4407 10.0
1822 2020 10.0
1823 2369 10.0
1848 3221 10.0
1850 4902 10.0
1858 2025 10.0
1927 3432 10.0
1953 4141 10.0
1953 4358 10.0
1969 4198 10.0
1976 4252 10.0
1979 2173 10.0
1981 4036 10.0
1983 4633 10.0
1983 4917 10.0
2002 3641 10.0
2008 2651 10.0
2013 2133 10.0
2023 4824 10.0
2025 4006 10.0
2045 3493 10.0
2084 4889 10.0
2095 3290 10.0
2097 3130 10.0
2134 4388 10.0
2167 1885 10.0
2177 3132 10.0
2187 3480 10.0
2214 4134 10.0
2261 2394 10.0
2294 2423 10.0
2311 3423 10.0
2382 3530 10.0
2392 4321 10.0
2402 3971 10.0
2405 2811 10.0
2420 2657 10.0
2420 3347 10.0
2437 3013 10.0
2503 4807 10.0
2510 4498 10.0
2542 2781 10.0
2542 4470 10.0
2577 4503 10.0
2580 4531 10.0
2582 4260 10.0
2584 4021 10.0
2614 3759 10.0
2623 4705 10.0
2627 2984 10.0
2695 3336 10.0
2714 4963 10.0
2720 4347 10.0
2722 4958 10.0
2738 3314 10.0
2754 1882 10.0
2759 3274 10.0
2765 3108 10.0
2772 2842 10.0
2772 2898 10.0
2772 3198 10.0
2797 3153 10.0
2821 3359 10.0
2824 1719 10.0
2833 4284 10.0
2836 4081 10.0
2844 3311 10.0
2854 3465 10.0
2855 2910 10.0
2867 3119 10.0
2893 3255 10.0
2898 4768 10.0
2911 4714 10.0
2912 3775 10.0
2927 3064 10.0
2947 4020 10.0
2994 4335 10.0
3008 4712 10.0
3010 3300 10.0
3024 3510 10.0
3024 4097 10.0
3082 3590 10.0
3094 4263 10.0
3105 4943 10.0
3133 4225 10.0
3147 4824 10.0
3183 3701 10.0
3186 4611 10.0
3202 3620 10.0
3225 1674 10.0
3231 1887 10.0
3251 2355 10.0
3276 4215 10.0
3318 2494 10.0
3454 4389 10.0
3458 1612 10.0
3486 3664 10.0
3547 4498 10.0
3660 3543 10.0
3709 4955 10.0
3775 3860 10.0
3780 4733 10.0
3809 4859 10.0
3812 4286 10.0
3849 2822 10.0
3858 4554 10.0
3859 4876 10.0
3862 2802 10.0
3879 4209 10.0
3912 4725 10.0
3920 1760 10.0
4009 4554 10.0
4044 4855 10.0
4065 4170 10.0
4090 3818 10.0
4157 1008 10.0
4235 4662 10.0
4273 4938 10.0
4298 4762 10.0
4424 4545 10.0
4425 4576 10.0
4470 4746 10.0
4477 1199 10.0
4662 4942 10.0
4797 4943 10.0
4805 3497 10.0
4861 2141 10.0
11 2399 11.0
24 856 11.0
30 1221 11.0
37 890 11.0
41 778 11.0
42 1850 11.0
60 1481 11.0
68 4300 11.0
86 2982 11.0
87 3241 11.0
98 3339 11.0
135 3696 11.0
146 1580 11.0
147 3523 11.0
162 3403 11.0
170 4558 11.0
175 1571 11.0
175 1622 11.0
197 947 11.0
201 4068 11.0
207 675 11.0
211 4740 11.0
213 1169 11.0
218 4136 11.0
227 933 11.0
229 1602 11.0
230 589 11.0
308 4162 11.0
316 1575 11.0
330 813 11.0
333 4271 11.0
391 4324 11.0
408 2476 11.0
415 2712 11.0
415 3677 11.0
439 2346 11.0
456 4624 11.0
459 1431 11.0
463 822 11.0
465 1071 11.0
471 704 11.0
475 4257 11.0
498 4174 11.0
513 4903 11.0
544 1755 11.0
571 3047 11.0
588 1991 11.0
589 2088 11.0
595 1055 11.0
607 3304 11.0
622 4738 11.0
622 4939 11.0
623 2470 11.0
629 3321 11.0
678 1357 11.0
689 1952 11.0
692 1140 11.0
730 3131 11.0
753 1780 11.0
763 4404 11.0
772 4846 11.0
779 988 11.0
786 1605 11.0
796 1838 11.0
806 2013 11.0
822 4666 11.0
829 2592 11.0
845 3291 11.0
852 4830 11.0
856 941 11.0
861 981 11.0
879 1627 11.0
896 3750 11.0
911 3129 11.0
915 3108 11.0
923 1459 11.0
935 963 11.0
956 3851 11.0
958 3054 11.0
968 4191 11.0
974 4315 11.0
977 2983 11.0
981 3281 11.0
985 1936 11.0
1003 1798 11.0
1006 1217 11.0
1034 1333 11.0
1045 3262 11.0
1067 3097 11.0
1076 3751 11.0
1084 1229 11.0
1110 3079 11.0
1124 2236 11.0
1129 1533 11.0
1155 2512 11.0
1167 2185 11.0
1170 3415 11.0
1171 4957 11.0
1184 2657 11.0
1204 3220 11.0
1213 4204 11.0
1224 3868 11.0
1228 1333 11.0
1242 1565 11.0
1242 4494 11.0
1252 762 11.0
1256 4041 11.0
1260 3410 11.0
1281 3819 11.0
1282 2933 11.0
1301 4522 11.0
1316 1348 11.0
1318 1575 11.0
1320 3210 11.0
1365 2084 11.0
1388 2311 11.0
1390 4573 11.0
1395 1652 11.0
1408 4690 11.0
1417 3902 11.0
1420 1615 11.0
1431 3001 11.0
1433 3831 11.0
1442 1538 11.0
1447 2428 11.0
1454 3620 11.0
1463 1804 11.0
1479 4400 11.0
1485 4121 11.0
1492 2195 11.0
1518 3718 11.0
1520 1500 11.0
1522 4281 11.0
1531 2213 11.0
1533 3004 11.0
1544 3806 11.0
1573 3076 11.0
1579 1956 11.0
1589 2922 11.0
1595 3278 11.0
1598 4859 11.0
1599 3862 11.0
1607 1938 11.0
1631 4539 11.0
1698 4706 11.0
1701 403 11.0
1712 3861 11.0
1766 4804 11.0
1773 4099 11.0
1798 2305 11.0
1819 4046 11.0
1855 2890 11.0
1876 3147 11.0
1878 4121 11.0
1964 2200 11.0
1965 2691 11.0
1978 4197 11.0
2024 3111 11.0
2036 4534 11.0
2040 3037 11.0
2071 4512 11.0
2117 2408 11.0
2124 4613 11.0
2172 3555 11.0
2192 2742 11.0
2226 3772 11.0
2232 3335 11.0
2281 2290 11.0
2285 3146 11.0
2288 2876 11.0
2310 4892 11.0
2361 3508 11.0
2418 4486 11.0
2431 4949 11.0
2546 3400 11.0
2584 4247 11.0
2610 3001 11.0
2610 4075 11.0
2636 3774 11.0
2675 4612 11.0
2689 4499 11.0
2690 4204 11.0
2705 4199 11.0
2765 3661 11.0
2771 1710 11.0
2860 4156 11.0
2876 1860 11.0
2888 4111 11.0
2900 4499 11.0
2909 4826 11.0
2919 3105 11.0
2937 4975 11.0
2993 3007 11.0
3009 3725 11.0
3034 3311 11.0
3037 3345 11.0
3084 3328 11.0
3104 4374 11.0
3108 4789 11.0
3126 3403 11.0
3152 4802 11.0
3179 2983 11.0
3194 4917 11.0
3217 4425 11.0
3226 3941 11.0
3239 3253 11.0
3255 4066 11.0
3305 4048 11.0
3331 3845 11.0
3398 3723 11.0
3405 3784 11.0
3417 986 11.0
3475 3810 11.0
3599 4450 11.0
3601 4022 11.0
3606 226 11.0
3607 4747 11.0
3616 4844 11.0
3802 3874 11.0
3824 4312 11.0
3876 4697 11.0
3904 4356 11.0
3954 4607 11.0
3973 4517 11.0
4023 4860 11.0
4089 4179 11.0
4213 161 11.0
4215 4789 11.0
4360 4607 11.0
4455 4539 11.0
4518 4560 11.0
4735 1887 11.0
4760 3184 11.0
4844 4862 11.0
4894 3743 11.0
21 1466 12.0
42 3168 12.0
72 1927 12.0
85 494 12.0
92 801 12.0
93 3228 12.0
94 4746 12.0
119 1374 12.0
137 212 12.0
139 1212 12.0
145 664 12.0
149 2627 12.0
155 703 12.0
162 3753 12.0
167 855 12.0
167 2403 12.0
211 3281 12.0
216 361 12.0
228 2187 12.0
239 4245 12.0
241 4550 12.0
265 1400 12.0
265 2552 12.0
271 3680 12.0
281 4024 12.0
293 4202 12.0
314 994 12.0
326 2801 12.0
354 3644 12.0
361 2875 12.0
366 3227 12.0
381 3949 12.0
419 4036 12.0
466 2027 12.0
490 2646 12.0
494 2166 12.0
518 2327 12.0
544 4499 12.0
546 585 12.0
571 3786 12.0
596 675 12.0
641 4102 12.0
649 2999 12.0
675 4768 12.0
680 2162 12.0
701 3745 12.0
724 1920 12.0
724 4731 12.0
728 4009 12.0
738 3074 12.0
746 1627 12.0
776 4275 12.0
805 1570 12.0
809 4938 12.0
843 4450 12.0
849 1623 12.0
878 3709 12.0
880 3373 12.0
898 942 12.0
915 2351 12.0
930 4202 12.0
936 255 12.0
940 2173 12.0
955 4712 12.0
969 3597 12.0
971 3520 12.0
1003 1283 12.0
1051 3923 12.0
1063 2306 12.0
1064 3955 12.0
1069 1757 12.0
1075 2916 12.0
1080 2969 12.0
1106 2711 12.0
1117 1639 12.0
1117 4306 12.0
1118 1238 12.0
1119 2924 12.0
1134 4058 12.0
1170 1460 12.0
1191 4415 12.0
1203 3195 12.0
1215 2106 12.0
1241 2439 12.0
1268 1456 12.0
1268 1609 12.0
1269 2021 12.0
1269 2407 12.0
1274 1686 12.0
1275 2869 12.0
1318 1646 12.0
1324 3071 12.0
1328 2308 12.0
1350 2573 12.0
1398 4603 12.0
1403 3527 12.0
1438 4261 12.0
1502 3570 12.0
1518 4567 12.0
1544 4049 12.0
1554 2747 12.0
1563 4578 12.0
1605 3372 12.0
1617 2978 12.0
1690 3508 12.0
1701 3777 12.0
1725 4326 12.0
1737 1848 12.0
1804 2744 12.0
1844 3069 12.0
1848 4439 12.0
1881 2457 12.0
1901 2795 12.0
1916 3881 12.0
1934 3051 12.0
2012 1567 12.0
2031 3967 12.0
2079 4608 12.0
2126 2223 12.0
2174 4015 12.0
2182 2961 12.0
2351 2750 12.0
2369 3925 12.0
2402 3533 12.0
2408 3372 12.0
2414 4530 12.0
2423 4768 12.0
2457 2717 12.0
2532 4001 12.0
2579 2722 12.0
2595 2501 12.0
2626 4158 12.0
2649 3833 12.0
2649 4837 12.0
2671 2051 12.0
2677 3915 12.0
2691 4758 12.0
2731 929 12.0
2848 3167 12.0
2864 3533 12.0
2877 3149 12.0
2953 3300 12.0
2978 3833 12.0
3003 3145 12.0
3049 3154 12.0
3069 3379 12.0
3070 3810 12.0
3076 3563 12.0
3109 3226 12.0
3115 3136 12.0
3136 3348 12.0
3156 3997 12.0
3157 3197 12.0
3197 1748 12.0
3254 4007 12.0
3263 3625 12.0
3277 4535 12.0
3304 3346 12.0
3350 1017 12.0
3455 4033 12.0
3459 4939 12.0
3463 3683 12.0
3509 4366 12.0
3526 3905 12.0
3526 4160 12.0
3528 1587 12.0
3657 4134 12.0
3687 4803 12.0
3751 4367 12.0
3889 3315 12.0
3898 4272 12.0
3903 3678 12.0
3914 4905 12.0
3965 883 12.0
3973 4329 12.0
4086 4324 12.0
4136 4938 12.0
4177 4748 12.0
4186 4536 12.0
4244 4574 12.0
4256 4821 12.0
4385 4748 12.0
4439 1313 12.0
4535 4728 12.0
4623 4550 12.0
4728 4744 12.0
4850 47 12.0
4924 2496 12.0
112 113 13.0
127 4554 13.0
137 1955 13.0
142 1733 13.0
142 2760 13.0
165 4766 13.0
170 1616 13.0
205 2814 13.0
208 2650 13.0
212 321 13.0
271 1431 13.0
281 3461 13.0
288 2964 13.0
295 3619 13.0
310 2414 13.0
323 2203 13.0
441 4268 13.0
456 1438 13.0
462 1756 13.0
575 2589 13.0
585 3081 13.0
588 2224 13.0
599 3400 13.0
605 4160 13.0
648 4822 13.0
662 2810 13.0
708 2389 13.0
748 1269 13.0
808 2882 13.0
812 1075 13.0
817 4766 13.0
819 1957 13.0
824 1780 13.0
840 4070 13.0
842 3004 13.0
842 3910 13.0
846 1855 13.0
847 3398 13.0
848 985 13.0
919 1611 13.0
943 4879 13.0
955 4418 13.0
988 3561 13.0
989 3811 13.0
1025 3007 13.0
1063 2911 13.0
1069 4456 13.0
1110 3296 13.0
1301 1102 13.0
1314 2982 13.0
1324 4341 13.0
1412 3266 13.0
1414 2054 13.0
1445 890 13.0
1454 1897 13.0
1497 3629 13.0
1557 4926 13.0
1571 2090 13.0
1572 3874 13.0
1616 3932 13.0
1639 4598 13.0
1645 4885 13.0
1685 4726 13.0
1736 4654 13.0
1774 3 13.0
1795 2526 13.0
1796 4770 13.0
1806 2898 13.0
1844 2762 13.0
1874 3944 13.0
1891 2668 13.0
1983 2662 13.0
1993 2763 13.0
2029 4576 13.0
2062 4140 13.0
2097 4233 13.0
2157 2981 13.0
2195 3492 13.0
2196 3286 13.0
2386 3672 13.0
2400 2437 13.0
2453 2471 13.0
2454 3371 13.0
2462 3003 13.0
2512 4302 13.0
2581 4671 13.0
2821 3300 13.0
2823 3077 13.0
2866 3824 13.0
2896 4123 13.0
2949 3809 13.0
3047 3078 13.0
3089 3629 13.0
3143 4781 13.0
3228 4107 13.0
3279 3475 13.0
3342 4330 13.0
3405 4641 13.0
3413 629 13.0
3428 737 13.0
3554 3905 13.0
3685 3028 13.0
4125 4254 13.0
4172 4357 13.0
4263 4290 13.0
4385 1310 13.0
4781 4678 13.0
39 876 14.0
50 326 14.0
70 2465 14.0
81 145 14.0
87 4425 14.0
110 358 14.0
155 1611 14.0
165 1311 14.0
211 3531 14.0
232 1269 14.0
356 398 14.0
366 1811 14.0
397 2928 14.0
489 2774 14.0
526 4697 14.0
603 156 14.0
627 2441 14.0
653 3398 14.0
691 4949 14.0
846 2009 14.0
876 3467 14.0
919 3326 14.0
957 3185 14.0
974 3583 14.0
1034 4373 14.0
1092 1885 14.0
1099 4744 14.0
1119 2433 14.0
1153 2734 14.0
1155 4796 14.0
1311 4069 14.0
1316 1948 14.0
1334 2769 14.0
1348 2468 14.0
1364 1463 14.0
1364 2808 14.0
1459 2040 14.0
1488 2305 14.0
1491 2657 14.0
1491 4092 14.0
1551 852 14.0
1659 3607 14.0
1682 4300 14.0
1712 2094 14.0
1727 2937 14.0
1728 2100 14.0
1733 3403 14.0
1751 2138 14.0
1806 2005 14.0
1854 3500 14.0
2291 3146 14.0
2382 2814 14.0
2418 2119 14.0
2444 3486 14.0
2457 3879 14.0
2482 3890 14.0
2528 2747 14.0
2568 3997 14.0
2878 3205 14.0
2887 3912 14.0
2908 4735 14.0
2977 4826 14.0
3032 3078 14.0
3035 4241 14.0
3074 1271 14.0
3109 3688 14.0
3140 2341 14.0
3205 4019 14.0
3281 4063 14.0
3339 3394 14.0
3526 4955 14.0
3881 4214 14.0
3898 4473 14.0
4039 4879 14.0
4331 4882 14.0
4524 4773 14.0
4669 145 14.0
4833 2566 14.0
27 1183 15.0
33 4890 15.0
43 98 15.0
193 4671 15.0
205 2254 15.0
288 2909 15.0
314 3973 15.0
351 615 15.0
423 2352 15.0
481 493 15.0
500 524 15.0
511 1677 15.0
511 4177 15.0
602 1927 15.0
662 3364 15.0
857 3903 15.0
881 4725 15.0
956 4199 15.0
1052 1771 15.0
1076 4094 15.0
1118 3167 15.0
1274 1065 15.0
1331 3917 15.0
1334 4157 15.0
1390 1858 15.0
1547 3275 15.0
1677 2010 15.0
1714 2776 15.0
1987 2408 15.0
1993 4482 15.0
2138 2352 15.0
2209 4822 15.0
2570 3232 15.0
2708 3266 15.0
3086 4362 15.0
3138 102 15.0
3150 477 15.0
3623 1263 15.0
3629 3950 15.0
3672 4815 15.0
3706 4856 15.0
3990 2539 15.0
4366 4890 15.0
4635 2218 15.0
209 1939 16.0
221 2788 16.0
228 381 16.0
249 4931 16.0
292 2441 16.0
323 4317 16.0
364 3926 16.0
402 641 16.0
431 2462 16.0
436 1864 16.0
481 1014 16.0
522 3037 16.0
526 1195 16.0
568 4329 16.0
583 1689 16.0
584 4151 16.0
666 677 16.0
714 2081 16.0
727 285 16.0
745 1659 16.0
893 2020 16.0
949 1773 16.0
1012 1110 16.0
1045 1502 16.0
1143 3133 16.0
1539 2627 16.0
1591 2105 16.0
1753 4743 16.0
1867 3156 16.0
1947 2174 16.0
2344 4643 16.0
2374 4054 16.0
2416 4322 16.0
2429 828 16.0
2516 3360 16.0
2776 4787 16.0
3032 3287 16.0
3083 4758 16.0
3275 4190 16.0
3361 3851 16.0
3422 4063 16.0
3890 4140 16.0
3957 2613 16.0
4082 4444 16.0
4386 2860 16.0
4445 4547 16.0
4895 1518 16.0
568 4001 17.0
819 4100 17.0
850 4119 17.0
893 4142 17.0
952 246 17.0
1099 4444 17.0
1617 1875 17.0
1714 4214 17.0
1773 2832 17.0
1782 3379 17.0
1801 2866 17.0
1818 4769 17.0
1854 3434 17.0
1867 3548 17.0
2026 330 17.0
2429 3285 17.0
2484 3019 17.0
2581 4338 17.0
2590 922 17.0
2660 3570 17.0
2693 3447 17.0
3086 4208 17.0
3259 1845 17.0
3275 318 17.0
3339 4882 17.0
3455 589 17.0
3782 3847 17.0
3926 817 17.0
4281 1892 17.0
4566 3978 17.0
39 3232 18.0
506 3227 18.0
567 658 18.0
815 1910 18.0
1287 1876 18.0
1511 4362 18.0
1513 3854 18.0
1691 181 18.0
2108 2423 18.0
2174 3823 18.0
2235 3629 18.0
2412 3568 18.0
2939 4601 18.0
3181 521 18.0
3684 4099 18.0
3960 196 18.0
4073 4672 18.0
4930 4452 18.0
4950 3154 18.0
431 4100 19.0
715 2907 19.0
715 4291 19.0
1012 4064 19.0
1127 3812 19.0
1147 4290 19.0
1671 963 19.0
1671 3796 19.0
1943 2106 19.0
1947 3885 19.0
2026 2624 19.0
2685 3434 19.0
2693 1080 19.0
2843 2877 19.0
3080 3205 19.0
3434 2690 19.0
422 4720 20.0
615 2865 20.0
727 1153 20.0
1499 3469 20.0
1702 3636 20.0
1816 2801 20.0
1818 4725 20.0
1875 4137 20.0
2029 3475 20.0
2235 3211 20.0
2283 4662 20.0
2454 3531 20.0
2519 2738 20.0
2735 2944 20.0
2843 3471 20.0
3035 4119 20.0
4319 1134 20.0
4508 1318 20.0
522 2266 21.0
1315 3527 21.0
1997 4107 21.0
2029 2100 21.0
2180 4769 21.0
2628 4347 21.0
2778 4944 21.0
2832 493 21.0
2966 628 21.0
3103 3554 21.0
3508 3035 21.0
712 1227 22.0
1854 4089 22.0
1967 4654 22.0
2081 2628 22.0
2859 4740 22.0
3217 2512 22.0
4651 1851 22.0
16 558 23.0
979 4601 23.0
1726 3570 23.0
2274 4048 23.0
2491 308 23.0
3595 1334 23.0
3846 4073 23.0
4061 4573 23.0
2 2672 24.0
2 4853 24.0
257 819 24.0
558 3066 24.0
1354 3150 24.0
2412 2734 24.0
4146 2879 24.0
4151 4853 24.0
332 4858 25.0
2412 3469 25.0
2603 2196 25.0
2946 3364 25.0
194 3371 26.0
304 3527 26.0
2182 1226 26.0
2491 3899 26.0
56 22 27.0
910 1875 27.0
1736 2658 27.0
2205 3561 27.0
1570 3220 28.0
2475 891 28.0
2735 3348 28.0
3393 4403 28.0
2274 4232 29.0
3058 1413 29.0
2550 4368 30.0
2574 2473 31.0
2998 3054 31.0
3269 4671 31.0
2594 2204 35.0
990 3659 36.0
2360 1939 36.0
3762 16 37.0
509 304 38.0
4659 2274 39.0
1998 1597 40.0
2631 4232 41.0
2550 990 45.0
225 509 52.0
