135 136 1.0
148 4772 1.0
219 4536 1.0
256 3967 1.0
348 1851 1.0
354 355 1.0
574 3903 1.0
582 4075 1.0
593 594 1.0
762 2252 1.0
771 2375 1.0
778 4282 1.0
818 822 1.0
866 3661 1.0
878 4566 1.0
949 2071 1.0
956 962 1.0
1093 1094 1.0
1101 1102 1.0
1222 1225 1.0
1243 1914 1.0
1266 1706 1.0
1363 3468 1.0
1385 3045 1.0
1460 2716 1.0
1656 1662 1.0
1681 1683 1.0
1730 2892 1.0
1750 3000 1.0
1863 2803 1.0
1945 3196 1.0
2020 3117 1.0
2139 3115 1.0
2214 3412 1.0
2252 3348 1.0
2373 4668 1.0
2410 3375 1.0
2526 2527 1.0
2549 3698 1.0
2602 2611 1.0
2649 3409 1.0
2742 3860 1.0
2890 3560 1.0
2976 2977 1.0
3006 3901 1.0
3177 4706 1.0
3321 3324 1.0
3339 3723 1.0
3351 3353 1.0
3351 4624 1.0
3380 3399 1.0
3469 3472 1.0
3485 3508 1.0
3599 4722 1.0
3782 4630 1.0
3837 3838 1.0
3837 3844 1.0
4009 4011 1.0
4034 4036 1.0
4034 4216 1.0
4275 4719 1.0
4285 4312 1.0
4457 4462 1.0
4793 4794 1.0
4 3752 2.0
46 433 2.0
89 896 2.0
130 1750 2.0
133 3149 2.0
133 3685 2.0
147 400 2.0
182 3992 2.0
199 2856 2.0
202 3800 2.0
218 222 2.0
223 1268 2.0
223 4319 2.0
232 3323 2.0
263 3210 2.0
265 1307 2.0
274 911 2.0
290 4312 2.0
302 1957 2.0
304 4157 2.0
325 1373 2.0
331 1173 2.0
334 344 2.0
334 1342 2.0
339 1128 2.0
340 4028 2.0
366 367 2.0
376 1228 2.0
382 2460 2.0
388 402 2.0
390 4400 2.0
394 1161 2.0
422 4082 2.0
445 3800 2.0
466 2798 2.0
487 1645 2.0
501 2320 2.0
545 4182 2.0
545 4721 2.0
548 755 2.0
605 4522 2.0
606 2353 2.0
625 2840 2.0
628 2435 2.0
640 3898 2.0
657 668 2.0
663 4289 2.0
684 4366 2.0
695 4357 2.0
703 1449 2.0
739 1272 2.0
768 4269 2.0
769 4449 2.0
774 3080 2.0
798 3061 2.0
818 4166 2.0
834 4491 2.0
869 1396 2.0
870 2474 2.0
897 1301 2.0
900 1312 2.0
911 2292 2.0
932 2198 2.0
992 4318 2.0
1004 1436 2.0
1014 2487 2.0
1040 4241 2.0
1058 1539 2.0
1091 3698 2.0
1115 4206 2.0
1183 4673 2.0
1186 3688 2.0
1214 1805 2.0
1243 1253 2.0
1243 2905 2.0
1264 3170 2.0
1292 3480 2.0
1294 2241 2.0
1402 1828 2.0
1447 2159 2.0
1450 2152 2.0
1470 1522 2.0
1521 4324 2.0
1529 2654 2.0
1529 3876 2.0
1622 2385 2.0
1677 4366 2.0
1682 1702 2.0
1686 3273 2.0
1733 2652 2.0
1792 2735 2.0
1797 4343 2.0
1822 1828 2.0
1838 2290 2.0
1870 2499 2.0
1889 4184 2.0
1891 4094 2.0
1926 4413 2.0
2003 3082 2.0
2006 2561 2.0
2009 2011 2.0
2021 4802 2.0
2032 3440 2.0
2115 3971 2.0
2132 3709 2.0
2171 4494 2.0
2182 4725 2.0
2208 4426 2.0
2298 4313 2.0
2300 2311 2.0
2327 4213 2.0
2332 3569 2.0
2460 2859 2.0
2470 3936 2.0
2512 2997 2.0
2512 4069 2.0
2604 2937 2.0
2668 3654 2.0
2691 3113 2.0
2700 2796 2.0
2718 4523 2.0
2784 4102 2.0
2794 3809 2.0
2894 4075 2.0
2944 4762 2.0
2971 4177 2.0
2997 3379 2.0
3023 4810 2.0
3032 4692 2.0
3091 4246 2.0
3149 4261 2.0
3252 4618 2.0
3256 4813 2.0
3261 3262 2.0
3279 3624 2.0
3413 3417 2.0
3426 4673 2.0
3487 3492 2.0
3540 4650 2.0
3594 4731 2.0
3613 4617 2.0
3731 3737 2.0
3861 4479 2.0
3865 4681 2.0
4059 4087 2.0
4198 4513 2.0
4336 4338 2.0
4522 4560 2.0
20 4501 3.0
40 1202 3.0
43 2941 3.0
46 4526 3.0
52 724 3.0
54 558 3.0
57 321 3.0
60 2866 3.0
63 2728 3.0
67 355 3.0
89 3683 3.0
94 3483 3.0
119 2740 3.0
133 3356 3.0
134 4219 3.0
136 4003 3.0
164 3002 3.0
165 1303 3.0
171 2485 3.0
181 3353 3.0
197 3528 3.0
206 2833 3.0
218 673 3.0
218 3487 3.0
224 1490 3.0
224 2202 3.0
224 4202 3.0
244 2276 3.0
244 2332 3.0
244 2613 3.0
248 2213 3.0
257 1674 3.0
265 1714 3.0
313 4396 3.0
315 1184 3.0
320 4461 3.0
325 2132 3.0
348 2201 3.0
354 3934 3.0
370 1949 3.0
390 4437 3.0
403 1860 3.0
415 1834 3.0
417 2153 3.0
418 3205 3.0
424 2109 3.0
425 2169 3.0
428 3878 3.0
435 2322 3.0
441 926 3.0
449 2291 3.0
454 4156 3.0
455 546 3.0
459 2422 3.0
463 4269 3.0
466 4277 3.0
477 2063 3.0
485 3096 3.0
487 4463 3.0
503 1909 3.0
503 2823 3.0
517 1378 3.0
553 2624 3.0
559 2618 3.0
560 562 3.0
574 1280 3.0
575 2698 3.0
588 4822 3.0
592 3358 3.0
602 3549 3.0
617 1372 3.0
618 818 3.0
619 3949 3.0
622 1938 3.0
624 3132 3.0
629 3983 3.0
629 4500 3.0
631 2420 3.0
641 2510 3.0
684 834 3.0
690 2979 3.0
690 4036 3.0
712 4300 3.0
720 1919 3.0
722 735 3.0
737 3603 3.0
748 1510 3.0
755 2699 3.0
760 3467 3.0
766 4543 3.0
792 4320 3.0
793 3887 3.0
796 4598 3.0
797 2101 3.0
800 2577 3.0
807 2314 3.0
854 1553 3.0
859 4038 3.0
861 2232 3.0
880 1107 3.0
884 4062 3.0
907 2090 3.0
914 1095 3.0
932 1002 3.0
947 3183 3.0
975 3206 3.0
986 4230 3.0
987 2775 3.0
990 2291 3.0
1002 2661 3.0
1004 2535 3.0
1027 3281 3.0
1052 4203 3.0
1066 2846 3.0
1068 3045 3.0
1097 3892 3.0
1106 4766 3.0
1113 3769 3.0
1119 3118 3.0
1120 4186 3.0
1135 1427 3.0
1145 1269 3.0
1147 2821 3.0
1186 3036 3.0
1198 4106 3.0
1206 1393 3.0
1207 4092 3.0
1226 1859 3.0
1241 3667 3.0
1248 4567 3.0
1253 1359 3.0
1265 4575 3.0
1269 3896 3.0
1284 2324 3.0
1287 4333 3.0
1289 1407 3.0
1296 3126 3.0
1299 2225 3.0
1299 3024 3.0
1299 3934 3.0
1299 4246 3.0
1318 4053 3.0
1321 2128 3.0
1332 3419 3.0
1336 1762 3.0
1336 3401 3.0
1345 3565 3.0
1347 3248 3.0
1348 3950 3.0
1374 3843 3.0
1382 4816 3.0
1385 1623 3.0
1389 2822 3.0
1397 2416 3.0
1402 3539 3.0
1403 3336 3.0
1431 3480 3.0
1457 3357 3.0
1464 4410 3.0
1469 1799 3.0
1469 4120 3.0
1473 4525 3.0
1482 2789 3.0
1485 2691 3.0
1490 2707 3.0
1511 4008 3.0
1513 4577 3.0
1516 2896 3.0
1516 3045 3.0
1533 4817 3.0
1546 2893 3.0
1553 2411 3.0
1555 3267 3.0
1575 4201 3.0
1581 1857 3.0
1587 3571 3.0
1592 4043 3.0
1597 3812 3.0
1609 2733 3.0
1621 1793 3.0
1624 1629 3.0
1633 2958 3.0
1637 4103 3.0
1662 4663 3.0
1686 4636 3.0
1687 3755 3.0
1694 1918 3.0
1698 2794 3.0
1700 4202 3.0
1715 2801 3.0
1716 3560 3.0
1719 4707 3.0
1725 2450 3.0
1730 4167 3.0
1781 2536 3.0
1788 1960 3.0
1838 4827 3.0
1854 2716 3.0
1868 2479 3.0
1878 4036 3.0
1884 3745 3.0
1902 3582 3.0
1922 2822 3.0
1945 4059 3.0
1985 3446 3.0
1990 4087 3.0
1999 2804 3.0
2016 3722 3.0
2018 2493 3.0
2034 3023 3.0
2036 2583 3.0
2040 2123 3.0
2040 4724 3.0
2050 3664 3.0
2051 3144 3.0
2054 3248 3.0
2056 2693 3.0
2056 4697 3.0
2064 4229 3.0
2069 2652 3.0
2076 2077 3.0
2109 3858 3.0
2124 3099 3.0
2132 2646 3.0
2146 4331 3.0
2148 2350 3.0
2155 2845 3.0
2159 3427 3.0
2167 2278 3.0
2171 3089 3.0
2193 2726 3.0
2216 3052 3.0
2218 3595 3.0
2233 2236 3.0
2258 2870 3.0
2276 4463 3.0
2299 3126 3.0
2359 3969 3.0
2362 4140 3.0
2399 2602 3.0
2421 2425 3.0
2429 2994 3.0
2431 4352 3.0
2446 2512 3.0
2446 4627 3.0
2453 3231 3.0
2512 2940 3.0
2530 3419 3.0
2534 2747 3.0
2536 4308 3.0
2568 3843 3.0
2569 4311 3.0
2615 3908 3.0
2638 4567 3.0
2657 4153 3.0
2721 4083 3.0
2738 3657 3.0
2741 3298 3.0
2741 4046 3.0
2763 4656 3.0
2788 4161 3.0
2789 3542 3.0
2821 3786 3.0
2834 3613 3.0
2840 3611 3.0
2897 4217 3.0
2899 3332 3.0
2997 3120 3.0
3007 4447 3.0
3008 4464 3.0
3013 3058 3.0
3018 4081 3.0
3023 3126 3.0
3048 4779 3.0
3051 4335 3.0
3053 3915 3.0
3125 3498 3.0
3141 3337 3.0
3141 3447 3.0
3161 4231 3.0
3179 3594 3.0
3258 3989 3.0
3279 4686 3.0
3290 4593 3.0
3383 4099 3.0
3391 3661 3.0
3421 3869 3.0
3447 4550 3.0
3493 4440 3.0
3529 4350 3.0
3577 3584 3.0
3609 4589 3.0
3641 4708 3.0
3642 4831 3.0
3658 3690 3.0
3725 4438 3.0
3807 4538 3.0
3863 4627 3.0
3933 4156 3.0
3935 3942 3.0
3953 4409 3.0
3963 3965 3.0
3993 4013 3.0
4014 4742 3.0
4016 4106 3.0
4058 4211 3.0
4118 4457 3.0
4157 4730 3.0
4171 4675 3.0
4182 4580 3.0
4194 4305 3.0
4267 4349 3.0
4282 4569 3.0
4407 4796 3.0
4442 4765 3.0
0 3280 4.0
12 2989 4.0
12 3414 4.0
30 3500 4.0
30 3780 4.0
32 845 4.0
39 3465 4.0
43 994 4.0
44 1040 4.0
44 1209 4.0
46 1717 4.0
50 4464 4.0
51 2801 4.0
62 3713 4.0
63 350 4.0
63 4798 4.0
65 3502 4.0
74 1763 4.0
79 578 4.0
83 1728 4.0
87 1764 4.0
88 2047 4.0
101 1818 4.0
103 734 4.0
105 2975 4.0
105 3771 4.0
108 1527 4.0
121 3021 4.0
122 1908 4.0
125 2140 4.0
131 4718 4.0
133 4522 4.0
135 2675 4.0
136 1397 4.0
141 1918 4.0
146 2013 4.0
147 3688 4.0
158 3855 4.0
164 3116 4.0
168 4580 4.0
187 668 4.0
187 1766 4.0
199 1775 4.0
202 2893 4.0
211 1360 4.0
211 1544 4.0
216 1450 4.0
225 4419 4.0
239 1963 4.0
244 4244 4.0
245 1722 4.0
254 416 4.0
254 3806 4.0
263 3616 4.0
270 3990 4.0
272 1476 4.0
281 4708 4.0
282 459 4.0
282 1402 4.0
289 4080 4.0
307 1978 4.0
308 2342 4.0
311 375 4.0
317 3447 4.0
318 3627 4.0
321 2279 4.0
326 1147 4.0
331 2482 4.0
335 4201 4.0
342 1761 4.0
342 2970 4.0
343 2189 4.0
344 1321 4.0
346 2779 4.0
359 4531 4.0
361 2647 4.0
369 4734 4.0
379 4504 4.0
386 973 4.0
390 883 4.0
396 3162 4.0
405 3937 4.0
407 3751 4.0
409 1763 4.0
409 2623 4.0
410 2245 4.0
420 1497 4.0
427 900 4.0
427 1220 4.0
427 2247 4.0
429 3629 4.0
432 455 4.0
439 1789 4.0
443 4211 4.0
444 4595 4.0
453 4719 4.0
454 3660 4.0
457 3495 4.0
459 646 4.0
459 3681 4.0
463 4138 4.0
465 4701 4.0
469 4276 4.0
471 950 4.0
475 903 4.0
475 1121 4.0
479 1350 4.0
479 2787 4.0
488 1077 4.0
489 3504 4.0
492 661 4.0
497 2146 4.0
497 4040 4.0
501 4399 4.0
505 4464 4.0
510 2669 4.0
517 1683 4.0
521 2261 4.0
525 2931 4.0
530 1261 4.0
531 1083 4.0
531 3967 4.0
534 2184 4.0
536 3918 4.0
558 837 4.0
561 1975 4.0
566 1347 4.0
569 2538 4.0
573 3555 4.0
587 590 4.0
587 1720 4.0
588 3737 4.0
595 1523 4.0
602 1462 4.0
607 2133 4.0
611 2498 4.0
625 4656 4.0
632 1633 4.0
637 4155 4.0
640 3958 4.0
642 4365 4.0
645 3928 4.0
651 1093 4.0
658 3662 4.0
671 1205 4.0
679 4639 4.0
682 1009 4.0
683 2943 4.0
698 840 4.0
712 3419 4.0
714 792 4.0
717 1896 4.0
719 3164 4.0
729 2641 4.0
742 4277 4.0
757 1886 4.0
766 1135 4.0
778 780 4.0
778 3066 4.0
784 3353 4.0
791 2882 4.0
798 2126 4.0
799 3551 4.0
810 1299 4.0
810 1637 4.0
818 1982 4.0
835 3781 4.0
839 2124 4.0
840 2146 4.0
842 4702 4.0
846 2024 4.0
861 1671 4.0
883 4356 4.0
887 2240 4.0
899 4253 4.0
912 2560 4.0
912 4795 4.0
925 971 4.0
939 1847 4.0
942 3952 4.0
944 4626 4.0
968 1597 4.0
974 1677 4.0
992 3893 4.0
1000 2786 4.0
1003 4115 4.0
1009 4077 4.0
1014 2263 4.0
1017 3240 4.0
1022 1194 4.0
1031 2724 4.0
1061 1194 4.0
1085 3907 4.0
1096 4115 4.0
1100 2895 4.0
1113 1578 4.0
1122 4591 4.0
1124 4628 4.0
1130 3406 4.0
1153 1777 4.0
1183 2691 4.0
1184 2375 4.0
1191 2852 4.0
1203 4402 4.0
1204 1621 4.0
1207 4507 4.0
1208 2083 4.0
1208 3489 4.0
1210 3194 4.0
1211 3958 4.0
1221 3186 4.0
1246 4510 4.0
1269 1289 4.0
1277 3339 4.0
1281 2373 4.0
1283 1897 4.0
1286 4405 4.0
1291 1736 4.0
1297 2986 4.0
1302 1666 4.0
1302 3733 4.0
1311 3152 4.0
1311 4357 4.0
1315 2563 4.0
1315 3813 4.0
1347 3709 4.0
1358 1527 4.0
1367 2148 4.0
1369 1522 4.0
1369 3742 4.0
1374 3761 4.0
1378 2776 4.0
1384 4293 4.0
1401 2474 4.0
1407 1695 4.0
1407 2673 4.0
1407 3359 4.0
1409 4813 4.0
1421 4412 4.0
1425 2599 4.0
1426 2748 4.0
1435 3935 4.0
1438 4492 4.0
1462 4160 4.0
1470 2560 4.0
1489 1694 4.0
1504 3409 4.0
1505 3410 4.0
1514 3139 4.0
1519 1884 4.0
1526 4831 4.0
1528 2890 4.0
1570 3227 4.0
1576 3063 4.0
1578 2447 4.0
1579 3480 4.0
1588 3617 4.0
1589 1975 4.0
1596 2692 4.0
1598 2776 4.0
1598 4143 4.0
1602 3033 4.0
1606 3924 4.0
1615 2386 4.0
1616 2074 4.0
1620 3844 4.0
1632 1633 4.0
1639 4384 4.0
1651 2049 4.0
1676 2489 4.0
1683 2715 4.0
1711 1765 4.0
1711 3863 4.0
1733 2853 4.0
1738 2486 4.0
1751 4419 4.0
1761 2322 4.0
1765 2605 4.0
1765 4603 4.0
1792 4433 4.0
1796 3935 4.0
1799 3464 4.0
1801 4225 4.0
1804 1809 4.0
1807 3073 4.0
1810 2660 4.0
1813 2152 4.0
1815 2644 4.0
1831 3203 4.0
1833 2101 4.0
1838 2484 4.0
1849 4030 4.0
1849 4804 4.0
1851 2317 4.0
1851 4278 4.0
1874 2235 4.0
1882 4105 4.0
1884 3751 4.0
1885 3943 4.0
1899 2579 4.0
1899 3330 4.0
1909 4555 4.0
1912 2582 4.0
1913 2320 4.0
1937 4435 4.0
1940 2735 4.0
1969 4461 4.0
1984 2571 4.0
1984 4764 4.0
1992 2144 4.0
1992 4789 4.0
2002 2471 4.0
2009 4819 4.0
2013 2767 4.0
2016 3035 4.0
2019 3368 4.0
2026 4389 4.0
2032 2399 4.0
2041 2098 4.0
2077 2693 4.0
2077 4296 4.0
2095 3885 4.0
2097 3957 4.0
2118 4090 4.0
2135 4063 4.0
2140 4027 4.0
2142 4299 4.0
2157 3430 4.0
2161 2746 4.0
2191 3432 4.0
2208 3182 4.0
2208 4228 4.0
2219 2242 4.0
2227 2351 4.0
2237 4175 4.0
2252 2533 4.0
2258 3621 4.0
2261 3820 4.0
2268 4326 4.0
2273 3951 4.0
2278 3534 4.0
2297 3782 4.0
2303 2304 4.0
2305 2548 4.0
2332 3860 4.0
2333 4389 4.0
2334 3620 4.0
2337 3571 4.0
2339 3975 4.0
2356 2359 4.0
2367 2993 4.0
2394 3167 4.0
2398 3230 4.0
2406 3480 4.0
2407 4556 4.0
2409 4364 4.0
2431 4024 4.0
2450 2784 4.0
2456 3858 4.0
2466 3135 4.0
2469 3889 4.0
2492 2900 4.0
2494 3762 4.0
2516 3049 4.0
2525 2672 4.0
2532 3797 4.0
2579 2779 4.0
2583 3032 4.0
2595 2768 4.0
2605 2827 4.0
2640 4545 4.0
2670 3561 4.0
2675 3104 4.0
2675 3890 4.0
2689 3473 4.0
2689 4763 4.0
2690 2925 4.0
2706 3829 4.0
2713 3850 4.0
2737 4684 4.0
2742 4288 4.0
2743 2886 4.0
2762 2949 4.0
2791 3084 4.0
2839 4635 4.0
2845 4356 4.0
2846 3496 4.0
2892 4196 4.0
2892 4297 4.0
2904 3278 4.0
2910 3695 4.0
2910 4489 4.0
2920 4208 4.0
2968 3762 4.0
2968 4068 4.0
2971 4545 4.0
3022 3076 4.0
3023 3310 4.0
3052 3453 4.0
3057 3369 4.0
3065 3963 4.0
3078 3720 4.0
3092 4563 4.0
3113 4463 4.0
3117 4791 4.0
3126 4236 4.0
3154 3976 4.0
3156 4194 4.0
3159 3530 4.0
3190 3353 4.0
3199 3509 4.0
3205 4355 4.0
3236 3739 4.0
3236 3896 4.0
3259 3540 4.0
3265 3922 4.0
3279 3522 4.0
3288 4007 4.0
3313 3948 4.0
3323 3582 4.0
3338 3784 4.0
3341 3673 4.0
3350 3967 4.0
3368 4160 4.0
3400 4479 4.0
3425 4219 4.0
3440 3619 4.0
3445 3780 4.0
3488 3807 4.0
3552 4542 4.0
3623 4655 4.0
3663 4114 4.0
3708 4825 4.0
3722 3937 4.0
3769 4000 4.0
3769 4515 4.0
3794 3814 4.0
3802 3949 4.0
3879 4239 4.0
3884 4154 4.0
3895 4325 4.0
3939 4639 4.0
3950 4032 4.0
4064 4499 4.0
4081 4524 4.0
4092 4115 4.0
4123 4481 4.0
4140 4711 4.0
4172 4718 4.0
4206 4567 4.0
4299 4338 4.0
4379 4574 4.0
4430 4478 4.0
4611 4822 4.0
19 2128 5.0
35 2844 5.0
38 3291 5.0
43 768 5.0
44 2658 5.0
46 2980 5.0
51 1737 5.0
53 2672 5.0
56 476 5.0
62 893 5.0
64 485 5.0
65 3530 5.0
69 4692 5.0
73 2131 5.0
74 897 5.0
78 3616 5.0
84 3820 5.0
92 1157 5.0
101 2978 5.0
105 523 5.0
107 1947 5.0
117 1226 5.0
124 3771 5.0
126 4380 5.0
130 1116 5.0
130 2078 5.0
131 4284 5.0
134 1337 5.0
138 1329 5.0
138 1506 5.0
141 2628 5.0
150 2069 5.0
153 1213 5.0
153 2050 5.0
165 1360 5.0
176 4345 5.0
180 3588 5.0
182 241 5.0
198 620 5.0
201 3009 5.0
211 883 5.0
214 3492 5.0
216 313 5.0
216 3892 5.0
226 4375 5.0
248 4440 5.0
250 4102 5.0
251 2337 5.0
265 299 5.0
272 2617 5.0
277 2189 5.0
284 1308 5.0
288 773 5.0
293 813 5.0
293 3399 5.0
298 4574 5.0
319 3424 5.0
320 4191 5.0
323 4113 5.0
324 1690 5.0
327 1312 5.0
327 3372 5.0
336 4258 5.0
339 1616 5.0
349 1562 5.0
350 2009 5.0
352 2766 5.0
354 840 5.0
361 628 5.0
366 1459 5.0
378 1933 5.0
378 3226 5.0
381 4078 5.0
392 489 5.0
411 2708 5.0
417 3147 5.0
423 2302 5.0
423 4697 5.0
423 4832 5.0
435 732 5.0
442 601 5.0
443 1082 5.0
443 1947 5.0
445 4393 5.0
453 4811 5.0
454 1864 5.0
458 1448 5.0
462 4807 5.0
465 2243 5.0
469 482 5.0
473 2531 5.0
474 3982 5.0
492 1579 5.0
510 2849 5.0
510 3200 5.0
510 4195 5.0
514 2836 5.0
519 4378 5.0
519 4511 5.0
548 2206 5.0
567 1507 5.0
573 3381 5.0
576 1535 5.0
580 1100 5.0
584 2536 5.0
604 3596 5.0
610 612 5.0
611 4113 5.0
614 936 5.0
614 2910 5.0
617 3116 5.0
619 3368 5.0
620 3497 5.0
643 3715 5.0
676 3231 5.0
676 4748 5.0
679 2450 5.0
680 2194 5.0
682 685 5.0
687 4601 5.0
694 1871 5.0
695 1393 5.0
712 3499 5.0
720 2589 5.0
733 3831 5.0
738 3857 5.0
742 3272 5.0
748 952 5.0
748 3258 5.0
753 4275 5.0
763 4450 5.0
769 1152 5.0
780 1437 5.0
783 1916 5.0
795 1368 5.0
798 3304 5.0
800 3432 5.0
811 4358 5.0
813 2730 5.0
816 3117 5.0
820 2225 5.0
838 3999 5.0
839 2525 5.0
853 2296 5.0
853 2841 5.0
853 2950 5.0
860 2207 5.0
861 2797 5.0
872 2574 5.0
873 3807 5.0
890 1632 5.0
890 2205 5.0
890 4204 5.0
906 2321 5.0
907 2426 5.0
908 4751 5.0
912 4126 5.0
913 1765 5.0
915 2759 5.0
918 3420 5.0
919 2427 5.0
920 3713 5.0
922 1756 5.0
928 1498 5.0
932 3064 5.0
937 3200 5.0
940 4191 5.0
944 1731 5.0
947 3770 5.0
951 3636 5.0
967 2103 5.0
974 1827 5.0
990 3878 5.0
992 1700 5.0
1003 4223 5.0
1022 1869 5.0
1030 1973 5.0
1033 2900 5.0
1039 4664 5.0
1050 3642 5.0
1057 3806 5.0
1072 4421 5.0
1081 4401 5.0
1085 2913 5.0
1085 4784 5.0
1092 1538 5.0
1098 1523 5.0
1103 1178 5.0
1111 1459 5.0
1116 4196 5.0
1123 3405 5.0
1126 1160 5.0
1130 3960 5.0
1145 1838 5.0
1151 1367 5.0
1156 3252 5.0
1175 2809 5.0
1176 1534 5.0
1178 3104 5.0
1191 2676 5.0
1196 2372 5.0
1205 2036 5.0
1213 1378 5.0
1219 4191 5.0
1220 1573 5.0
1223 1931 5.0
1245 3614 5.0
1268 1587 5.0
1270 3709 5.0
1270 3793 5.0
1279 3921 5.0
1282 4374 5.0
1283 2271 5.0
1283 4027 5.0
1283 4462 5.0
1291 2823 5.0
1292 2237 5.0
1293 3472 5.0
1294 3171 5.0
1295 2325 5.0
1306 1595 5.0
1309 2366 5.0
1313 2043 5.0
1319 4275 5.0
1326 4270 5.0
1334 3604 5.0
1349 4072 5.0
1361 3718 5.0
1366 4396 5.0
1381 3198 5.0
1400 2503 5.0
1405 2955 5.0
1409 2578 5.0
1416 1426 5.0
1417 1536 5.0
1425 3563 5.0
1443 3650 5.0
1451 3398 5.0
1454 2489 5.0
1457 1607 5.0
1459 3350 5.0
1475 2070 5.0
1484 2409 5.0
1486 3503 5.0
1489 2693 5.0
1499 3688 5.0
1519 3293 5.0
1519 4540 5.0
1534 3757 5.0
1542 1606 5.0
1550 1806 5.0
1550 3188 5.0
1551 3649 5.0
1555 4180 5.0
1565 3369 5.0
1568 4497 5.0
1569 4414 5.0
1574 3535 5.0
1579 3174 5.0
1581 4533 5.0
1582 2191 5.0
1589 3609 5.0
1598 2688 5.0
1602 3117 5.0
1605 2181 5.0
1607 1920 5.0
1610 4674 5.0
1611 2868 5.0
1622 3000 5.0
1625 3694 5.0
1653 2509 5.0
1666 4470 5.0
1670 2109 5.0
1670 2739 5.0
1682 2737 5.0
1685 4133 5.0
1686 1814 5.0
1695 4461 5.0
1702 4065 5.0
1704 1873 5.0
1713 3796 5.0
1715 2205 5.0
1735 2693 5.0
1742 2551 5.0
1748 4150 5.0
1758 3320 5.0
1772 4264 5.0
1788 2604 5.0
1789 2068 5.0
1804 3850 5.0
1808 2925 5.0
1815 2781 5.0
1821 3169 5.0
1840 2134 5.0
1846 3088 5.0
1853 4369 5.0
1858 4325 5.0
1864 4797 5.0
1878 4418 5.0
1893 4107 5.0
1914 2178 5.0
1941 3201 5.0
1943 3039 5.0
1959 4649 5.0
1971 2610 5.0
1978 3781 5.0
1985 3337 5.0
1990 4576 5.0
1995 4058 5.0
1996 3601 5.0
1999 2661 5.0
2006 2698 5.0
2045 4743 5.0
2050 3031 5.0
2057 2271 5.0
2061 3751 5.0
2067 3108 5.0
2072 3338 5.0
2099 3704 5.0
2105 4175 5.0
2105 4777 5.0
2113 3190 5.0
2122 3194 5.0
2125 4176 5.0
2133 2902 5.0
2139 4021 5.0
2147 2258 5.0
2149 4044 5.0
2150 3225 5.0
2164 2649 5.0
2168 4276 5.0
2171 4685 5.0
2181 3556 5.0
2185 4367 5.0
2186 3219 5.0
2191 3033 5.0
2191 3200 5.0
2197 3769 5.0
2205 4000 5.0
2221 2516 5.0
2222 4529 5.0
2230 2394 5.0
2239 2951 5.0
2254 2743 5.0
2254 3424 5.0
2256 2263 5.0
2261 3055 5.0
2262 4332 5.0
2297 4005 5.0
2302 4195 5.0
2310 4632 5.0
2315 2807 5.0
2335 2567 5.0
2337 3915 5.0
2340 3040 5.0
2344 2494 5.0
2357 4397 5.0
2366 2717 5.0
2370 2729 5.0
2377 2740 5.0
2381 3374 5.0
2382 3081 5.0
2393 3978 5.0
2396 4480 5.0
2403 4696 5.0
2405 4636 5.0
2410 3064 5.0
2413 4002 5.0
2416 3439 5.0
2424 3384 5.0
2431 4304 5.0
2435 3877 5.0
2438 3387 5.0
2438 4589 5.0
2440 2838 5.0
2467 3925 5.0
2489 3911 5.0
2491 4325 5.0
2496 3853 5.0
2508 2907 5.0
2510 3910 5.0
2543 2974 5.0
2576 3531 5.0
2591 4728 5.0
2592 2833 5.0
2594 3413 5.0
2600 3266 5.0
2606 4304 5.0
2621 3583 5.0
2641 3693 5.0
2656 2910 5.0
2665 4487 5.0
2689 4720 5.0
2697 2869 5.0
2705 4283 5.0
2717 4441 5.0
2724 4600 5.0
2735 3810 5.0
2737 3230 5.0
2755 2855 5.0
2759 3585 5.0
2761 3662 5.0
2766 4210 5.0
2781 3461 5.0
2781 4143 5.0
2785 3365 5.0
2793 4727 5.0
2799 3970 5.0
2827 3175 5.0
2855 3701 5.0
2867 3810 5.0
2881 3461 5.0
2883 3835 5.0
2896 4772 5.0
2932 3444 5.0
2949 3541 5.0
2954 4633 5.0
2966 2972 5.0
2974 2998 5.0
2984 3605 5.0
2999 3592 5.0
3036 3515 5.0
3081 4306 5.0
3098 3603 5.0
3099 4753 5.0
3102 4521 5.0
3120 3682 5.0
3133 4517 5.0
3142 3188 5.0
3157 4828 5.0
3199 3674 5.0
3203 4127 5.0
3204 4478 5.0
3214 4285 5.0
3241 3936 5.0
3249 4392 5.0
3255 3907 5.0
3274 4705 5.0
3311 4196 5.0
3344 4256 5.0
3378 3453 5.0
3430 4123 5.0
3436 4409 5.0
3456 3511 5.0
3459 3812 5.0
3463 4802 5.0
3469 4173 5.0
3488 3781 5.0
3521 3542 5.0
3542 3747 5.0
3544 3768 5.0
3598 4745 5.0
3608 3864 5.0
3611 4532 5.0
3620 3626 5.0
3648 3706 5.0
3663 4601 5.0
3698 4373 5.0
3701 4213 5.0
3739 4438 5.0
3754 4586 5.0
3770 3876 5.0
3827 4823 5.0
3841 4563 5.0
3847 3935 5.0
3863 4696 5.0
3890 3894 5.0
3894 4404 5.0
3962 4263 5.0
3977 4651 5.0
4025 4811 5.0
4043 4574 5.0
4056 4128 5.0
4065 4071 5.0
4068 4464 5.0
4073 4811 5.0
4081 4764 5.0
4084 4265 5.0
4103 4498 5.0
4117 4577 5.0
4151 4491 5.0
4203 4615 5.0
4232 4585 5.0
4279 4616 5.0
4355 4645 5.0
4524 4771 5.0
4539 4808 5.0
4610 4677 5.0
0 1753 6.0
1 2476 6.0
3 1478 6.0
16 2380 6.0
16 2658 6.0
17 20 6.0
18 4057 6.0
19 1492 6.0
20 2316 6.0
21 625 6.0
32 137 6.0
43 2355 6.0
44 4572 6.0
46 1392 6.0
47 2207 6.0
50 2073 6.0
52 249 6.0
53 2378 6.0
54 3209 6.0
54 4523 6.0
59 1836 6.0
82 3244 6.0
86 1125 6.0
87 88 6.0
90 4056 6.0
92 4555 6.0
95 642 6.0
98 434 6.0
99 4570 6.0
100 1277 6.0
108 4814 6.0
120 1314 6.0
123 1536 6.0
132 379 6.0
138 3810 6.0
141 3549 6.0
155 3418 6.0
163 3436 6.0
168 3175 6.0
172 1795 6.0
175 2714 6.0
176 4142 6.0
178 3562 6.0
182 2867 6.0
182 4210 6.0
182 4827 6.0
192 312 6.0
196 1101 6.0
201 580 6.0
205 844 6.0
206 1851 6.0
207 4206 6.0
214 1204 6.0
222 3785 6.0
223 2814 6.0
227 3162 6.0
231 3075 6.0
236 2206 6.0
241 1294 6.0
243 1454 6.0
248 892 6.0
260 1612 6.0
261 2459 6.0
268 2075 6.0
275 1776 6.0
279 779 6.0
279 1074 6.0
279 1926 6.0
279 3619 6.0
285 2737 6.0
290 3514 6.0
293 2058 6.0
294 2980 6.0
296 1271 6.0
301 4715 6.0
302 3084 6.0
304 1645 6.0
304 2707 6.0
309 2749 6.0
309 2982 6.0
324 4342 6.0
328 684 6.0
328 1807 6.0
328 4145 6.0
332 570 6.0
335 2160 6.0
339 3810 6.0
341 3774 6.0
342 1871 6.0
345 3785 6.0
353 2350 6.0
357 1367 6.0
362 2231 6.0
362 4335 6.0
366 4723 6.0
380 2975 6.0
382 1945 6.0
384 3529 6.0
387 3333 6.0
389 2835 6.0
391 2852 6.0
394 776 6.0
404 2748 6.0
404 4116 6.0
410 4786 6.0
414 2089 6.0
417 832 6.0
429 2572 6.0
437 3559 6.0
441 3269 6.0
447 3177 6.0
448 968 6.0
448 2935 6.0
449 1379 6.0
449 2057 6.0
456 1993 6.0
463 3915 6.0
464 3262 6.0
470 2914 6.0
473 4226 6.0
474 4409 6.0
475 3712 6.0
485 677 6.0
497 2451 6.0
498 1368 6.0
500 2549 6.0
506 1520 6.0
506 1995 6.0
507 4001 6.0
511 3736 6.0
514 3338 6.0
516 2087 6.0
520 4152 6.0
525 2037 6.0
529 2640 6.0
530 2653 6.0
531 3008 6.0
532 3682 6.0
533 984 6.0
551 1009 6.0
556 3227 6.0
559 1947 6.0
582 694 6.0
582 3219 6.0
586 3187 6.0
587 3546 6.0
590 4410 6.0
598 1315 6.0
601 1103 6.0
602 2939 6.0
603 1091 6.0
606 1392 6.0
606 3071 6.0
617 3010 6.0
620 1102 6.0
626 1709 6.0
630 3875 6.0
635 3645 6.0
641 3765 6.0
644 1791 6.0
645 2962 6.0
654 2174 6.0
661 873 6.0
661 4334 6.0
667 4029 6.0
675 4198 6.0
677 4800 6.0
680 3643 6.0
686 4084 6.0
687 2505 6.0
691 4471 6.0
696 4593 6.0
700 3875 6.0
701 2065 6.0
702 4181 6.0
720 3738 6.0
725 2415 6.0
730 2249 6.0
734 1270 6.0
734 1372 6.0
741 1419 6.0
747 1053 6.0
760 2342 6.0
762 3475 6.0
762 4271 6.0
763 1414 6.0
784 2535 6.0
794 2998 6.0
795 4395 6.0
809 1853 6.0
812 1322 6.0
812 2164 6.0
824 2601 6.0
825 4350 6.0
829 1368 6.0
835 1658 6.0
837 2486 6.0
841 2061 6.0
845 4178 6.0
845 4331 6.0
846 4337 6.0
849 3692 6.0
858 1839 6.0
863 3486 6.0
871 2055 6.0
874 3089 6.0
876 4514 6.0
886 2340 6.0
886 3654 6.0
897 3862 6.0
901 3398 6.0
904 3962 6.0
904 4054 6.0
907 2005 6.0
909 1340 6.0
910 3340 6.0
918 4039 6.0
927 1192 6.0
929 2436 6.0
930 2620 6.0
935 3116 6.0
940 1900 6.0
941 4452 6.0
952 4325 6.0
956 4401 6.0
961 4335 6.0
976 3464 6.0
986 3029 6.0
987 1269 6.0
992 2450 6.0
993 1162 6.0
1001 2395 6.0
1003 2441 6.0
1015 3029 6.0
1021 2001 6.0
1027 1659 6.0
1028 1907 6.0
1029 1834 6.0
1032 1125 6.0
1038 2830 6.0
1048 3549 6.0
1060 1232 6.0
1061 4042 6.0
1062 4584 6.0
1066 1070 6.0
1070 4528 6.0
1076 1454 6.0
1078 3230 6.0
1090 3097 6.0
1095 1982 6.0
1098 4576 6.0
1103 2731 6.0
1109 4497 6.0
1111 4212 6.0
1112 4200 6.0
1141 4264 6.0
1156 2631 6.0
1163 1813 6.0
1170 1724 6.0
1172 1663 6.0
1175 3185 6.0
1176 1264 6.0
1179 2250 6.0
1187 3482 6.0
1189 4258 6.0
1198 2897 6.0
1200 4769 6.0
1204 3156 6.0
1213 4623 6.0
1219 3585 6.0
1221 3388 6.0
1232 4057 6.0
1234 1917 6.0
1235 1500 6.0
1239 1289 6.0
1240 2633 6.0
1241 4742 6.0
1274 1288 6.0
1279 3690 6.0
1287 4627 6.0
1293 4548 6.0
1302 3429 6.0
1307 2745 6.0
1325 3798 6.0
1337 3265 6.0
1357 2038 6.0
1362 1657 6.0
1364 4169 6.0
1368 4238 6.0
1388 3156 6.0
1392 2224 6.0
1399 2237 6.0
1399 2768 6.0
1403 3451 6.0
1439 4214 6.0
1453 3637 6.0
1456 3450 6.0
1466 1759 6.0
1466 3279 6.0
1469 2734 6.0
1488 4237 6.0
1489 487 6.0
1495 2361 6.0
1508 1674 6.0
1523 3049 6.0
1530 4124 6.0
1531 1690 6.0
1546 2655 6.0
1549 2821 6.0
1555 3401 6.0
1559 1761 6.0
1561 2108 6.0
1566 3495 6.0
1573 3966 6.0
1582 4220 6.0
1592 3253 6.0
1597 3984 6.0
1599 4470 6.0
1599 4781 6.0
1600 2479 6.0
1616 3026 6.0
1617 2826 6.0
1618 2510 6.0
1620 1621 6.0
1627 2999 6.0
1629 4726 6.0
1650 3434 6.0
1651 2283 6.0
1652 3701 6.0
1653 3703 6.0
1665 2023 6.0
1667 4333 6.0
1669 4665 6.0
1678 3808 6.0
1679 3386 6.0
1681 4244 6.0
1686 2359 6.0
1689 2960 6.0
1693 4474 6.0
1697 4513 6.0
1708 2996 6.0
1715 2043 6.0
1715 2604 6.0
1730 2219 6.0
1735 3228 6.0
1736 4569 6.0
1739 2511 6.0
1741 3399 6.0
1747 3938 6.0
1748 4783 6.0
1754 2916 6.0
1759 2851 6.0
1759 3651 6.0
1772 4349 6.0
1788 3886 6.0
1789 3361 6.0
1795 2614 6.0
1796 3564 6.0
1800 4528 6.0
1804 3487 6.0
1808 1934 6.0
1813 4577 6.0
1830 2584 6.0
1833 2094 6.0
1844 2326 6.0
1845 2903 6.0
1847 3056 6.0
1850 3134 6.0
1870 3082 6.0
1887 2702 6.0
1888 282 6.0
1903 4623 6.0
1904 3538 6.0
1904 3848 6.0
1910 2876 6.0
1919 3938 6.0
1925 2863 6.0
1934 3509 6.0
1953 4659 6.0
1955 2699 6.0
1974 2453 6.0
1995 3986 6.0
1997 2127 6.0
2023 3568 6.0
2030 4802 6.0
2047 2838 6.0
2064 3749 6.0
2065 3759 6.0
2078 2669 6.0
2095 3059 6.0
2106 2889 6.0
2108 4116 6.0
2157 3538 6.0
2163 4558 6.0
2168 2759 6.0
2168 3939 6.0
2168 4751 6.0
2169 2702 6.0
2172 4125 6.0
2190 2802 6.0
2201 2591 6.0
2203 3679 6.0
2204 2325 6.0
2207 3911 6.0
2217 4512 6.0
2220 2660 6.0
2229 3788 6.0
2246 3493 6.0
2249 4414 6.0
2256 3488 6.0
2259 3095 6.0
2265 2284 6.0
2270 4173 6.0
2270 4718 6.0
2273 3154 6.0
2279 4829 6.0
2297 4619 6.0
2304 4724 6.0
2321 3966 6.0
2324 3880 6.0
2327 3536 6.0
2330 2596 6.0
2348 3947 6.0
2360 4257 6.0
2361 3121 6.0
2365 1183 6.0
2370 3980 6.0
2377 3404 6.0
2379 4041 6.0
2400 4317 6.0
2413 3370 6.0
2415 4421 6.0
2420 4110 6.0
2422 2941 6.0
2427 4674 6.0
2442 4403 6.0
2469 4044 6.0
2478 3294 6.0
2517 4417 6.0
2520 3824 6.0
2523 3397 6.0
2537 3361 6.0
2556 4751 6.0
2584 2696 6.0
2587 3254 6.0
2591 2600 6.0
2592 4222 6.0
2596 3345 6.0
2604 4074 6.0
2618 3861 6.0
2622 2826 6.0
2626 510 6.0
2630 3607 6.0
2662 3263 6.0
2666 3009 6.0
2670 133 6.0
2672 2850 6.0
2672 3211 6.0
2707 3155 6.0
2718 3119 6.0
2755 3955 6.0
2757 4801 6.0
2758 3587 6.0
2769 4010 6.0
2783 3643 6.0
2783 4338 6.0
2799 2866 6.0
2819 3483 6.0
2829 3889 6.0
2837 4095 6.0
2841 3363 6.0
2850 3119 6.0
2852 4809 6.0
2854 3003 6.0
2862 3980 6.0
2884 4162 6.0
2891 3563 6.0
2911 2916 6.0
2924 4158 6.0
2935 4805 6.0
2961 3166 6.0
2980 3701 6.0
3043 3208 6.0
3054 3635 6.0
3065 3110 6.0
3065 3471 6.0
3086 3388 6.0
3093 4064 6.0
3099 3980 6.0
3112 4322 6.0
3118 4499 6.0
3125 3924 6.0
3141 4570 6.0
3145 4150 6.0
3189 3914 6.0
3194 3410 6.0
3199 3559 6.0
3201 4714 6.0
3207 3381 6.0
3214 4004 6.0
3220 4826 6.0
3241 3277 6.0
3244 3870 6.0
3245 4368 6.0
3256 3475 6.0
3271 4185 6.0
3274 4078 6.0
3285 3532 6.0
3288 4267 6.0
3299 3328 6.0
3302 3309 6.0
3305 3422 6.0
3315 3647 6.0
3315 4819 6.0
3433 4164 6.0
3435 3851 6.0
3442 4794 6.0
3452 4119 6.0
3463 3532 6.0
3485 3663 6.0
3486 3874 6.0
3489 4011 6.0
3491 4347 6.0
3548 3568 6.0
3563 4432 6.0
3566 4193 6.0
3578 4168 6.0
3631 4554 6.0
3648 3743 6.0
3648 4063 6.0
3656 4111 6.0
3676 4329 6.0
3676 4373 6.0
3690 4199 6.0
3699 4661 6.0
3735 4526 6.0
3735 4602 6.0
3745 4365 6.0
3750 4585 6.0
3779 4741 6.0
3839 4156 6.0
3854 4713 6.0
3925 4241 6.0
3976 4100 6.0
4105 4310 6.0
4145 4353 6.0
4160 3036 6.0
4198 4451 6.0
4237 4597 6.0
4500 4581 6.0
4529 2322 6.0
4564 4725 6.0
4567 4747 6.0
4700 4763 6.0
4738 2446 6.0
4747 605 6.0
1 3413 7.0
1 4335 7.0
4 3174 7.0
6 2544 7.0
11 2346 7.0
28 2876 7.0
28 3391 7.0
45 2537 7.0
47 3229 7.0
48 670 7.0
53 250 7.0
57 1488 7.0
58 3395 7.0
58 4587 7.0
62 484 7.0
71 1721 7.0
73 3044 7.0
74 1913 7.0
78 2946 7.0
83 1488 7.0
84 1282 7.0
85 3352 7.0
87 2163 7.0
87 2246 7.0
92 2289 7.0
94 2634 7.0
104 3991 7.0
109 111 7.0
113 3364 7.0
121 4569 7.0
124 2860 7.0
126 1654 7.0
139 776 7.0
142 2922 7.0
142 3229 7.0
145 4650 7.0
155 1518 7.0
159 881 7.0
163 3873 7.0
166 2919 7.0
172 3911 7.0
184 1705 7.0
188 953 7.0
193 743 7.0
208 2057 7.0
210 269 7.0
220 4625 7.0
229 659 7.0
239 1007 7.0
249 1580 7.0
253 2612 7.0
259 1127 7.0
260 978 7.0
267 1541 7.0
274 1375 7.0
275 3298 7.0
278 1146 7.0
283 2518 7.0
284 3085 7.0
285 2774 7.0
291 2295 7.0
292 2675 7.0
292 4217 7.0
300 4768 7.0
303 2830 7.0
308 3697 7.0
316 1422 7.0
323 4058 7.0
324 3412 7.0
330 2328 7.0
332 3853 7.0
333 538 7.0
346 4017 7.0
358 1598 7.0
361 2662 7.0
364 4484 7.0
368 2352 7.0
371 3293 7.0
376 394 7.0
383 4158 7.0
383 4473 7.0
384 1738 7.0
385 3808 7.0
385 4534 7.0
391 1086 7.0
403 631 7.0
414 4720 7.0
415 1783 7.0
419 1972 7.0
421 1362 7.0
426 2579 7.0
426 3449 7.0
430 870 7.0
439 2620 7.0
439 3083 7.0
450 2860 7.0
451 2190 7.0
456 1239 7.0
456 2944 7.0
460 498 7.0
468 1871 7.0
473 3507 7.0
477 4599 7.0
485 2196 7.0
496 4658 7.0
506 4284 7.0
512 3595 7.0
528 3524 7.0
530 1689 7.0
532 4622 7.0
534 3974 7.0
553 1115 7.0
558 1752 7.0
561 4250 7.0
563 4352 7.0
568 4199 7.0
570 4690 7.0
578 3613 7.0
596 3444 7.0
597 2107 7.0
604 3360 7.0
607 1971 7.0
612 1170 7.0
613 2284 7.0
614 4316 7.0
615 1989 7.0
626 4321 7.0
642 4483 7.0
642 4779 7.0
645 994 7.0
646 2915 7.0
648 1925 7.0
648 4572 7.0
660 2552 7.0
666 1553 7.0
669 2858 7.0
674 1496 7.0
685 3811 7.0
687 1316 7.0
688 1706 7.0
701 3355 7.0
717 1776 7.0
721 1144 7.0
730 1585 7.0
739 923 7.0
739 4739 7.0
756 3730 7.0
765 1605 7.0
773 2969 7.0
780 4262 7.0
781 1870 7.0
789 1685 7.0
801 4487 7.0
803 3352 7.0
808 908 7.0
812 1845 7.0
813 4601 7.0
814 1701 7.0
819 2662 7.0
825 2868 7.0
851 2725 7.0
855 3741 7.0
858 4283 7.0
862 3742 7.0
862 4501 7.0
865 3738 7.0
869 3118 7.0
874 958 7.0
886 2563 7.0
901 1221 7.0
901 4088 7.0
917 1861 7.0
917 3719 7.0
917 3906 7.0
918 2488 7.0
921 2586 7.0
927 3652 7.0
935 1777 7.0
947 4597 7.0
954 3987 7.0
960 3605 7.0
966 2268 7.0
980 4598 7.0
981 3497 7.0
982 3208 7.0
983 2204 7.0
986 3744 7.0
998 2634 7.0
1001 1874 7.0
1001 2860 7.0
1004 2667 7.0
1018 2788 7.0
1020 2169 7.0
1029 1090 7.0
1032 2806 7.0
1037 4304 7.0
1047 1744 7.0
1061 4770 7.0
1063 1445 7.0
1063 3879 7.0
1064 3994 7.0
1066 1859 7.0
1069 3563 7.0
1084 2912 7.0
1085 2494 7.0
1091 3933 7.0
1092 1153 7.0
1109 2412 7.0
1110 2186 7.0
1114 2047 7.0
1117 4713 7.0
1119 4028 7.0
1126 1960 7.0
1132 1724 7.0
1133 2126 7.0
1134 3882 7.0
1138 3179 7.0
1144 2099 7.0
1146 2948 7.0
1163 4073 7.0
1164 1778 7.0
1198 3002 7.0
1205 1812 7.0
1214 3727 7.0
1215 4185 7.0
1240 2566 7.0
1250 4074 7.0
1252 3137 7.0
1258 1453 7.0
1260 4769 7.0
1267 1386 7.0
1275 1478 7.0
1275 3030 7.0
1278 2965 7.0
1282 1937 7.0
1305 1387 7.0
1306 2014 7.0
1316 4437 7.0
1317 4055 7.0
1318 2869 7.0
1327 1351 7.0
1331 2116 7.0
1340 2214 7.0
1349 4070 7.0
1351 4046 7.0
1358 3042 7.0
1362 3238 7.0
1363 4279 7.0
1365 2222 7.0
1371 3602 7.0
1376 2596 7.0
1377 2433 7.0
1387 3629 7.0
1388 3634 7.0
1411 4394 7.0
1413 4114 7.0
1414 2749 7.0
1416 3695 7.0
1419 4644 7.0
1428 2424 7.0
1436 1923 7.0
1446 2990 7.0
1446 4570 7.0
1453 2345 7.0
1461 2470 7.0
1464 3903 7.0
1469 4634 7.0
1472 2327 7.0
1472 3388 7.0
1473 2273 7.0
1495 3158 7.0
1501 3184 7.0
1501 4727 7.0
1502 2731 7.0
1505 2249 7.0
1508 3905 7.0
1520 1929 7.0
1525 2094 7.0
1531 2876 7.0
1535 4642 7.0
1541 4014 7.0
1548 2277 7.0
1569 2592 7.0
1580 3787 7.0
1585 3001 7.0
1586 4137 7.0
1592 3731 7.0
1599 3606 7.0
1599 4290 7.0
1609 2073 7.0
1610 2629 7.0
1615 2482 7.0
1625 3886 7.0
1635 3808 7.0
1643 2531 7.0
1652 4190 7.0
1659 2357 7.0
1665 2950 7.0
1667 3457 7.0
1678 4568 7.0
1687 3335 7.0
1688 2528 7.0
1688 4134 7.0
1689 3615 7.0
1693 3874 7.0
1704 2812 7.0
1721 3784 7.0
1734 4032 7.0
1743 1998 7.0
1753 2643 7.0
1753 3987 7.0
1770 1911 7.0
1779 3977 7.0
1780 3497 7.0
1799 3717 7.0
1801 2569 7.0
1812 3279 7.0
1817 3264 7.0
1820 1901 7.0
1820 3357 7.0
1838 3719 7.0
1839 2998 7.0
1847 3640 7.0
1848 4562 7.0
1867 3754 7.0
1867 4682 7.0
1868 4047 7.0
1869 4091 7.0
1886 4358 7.0
1893 2577 7.0
1897 3058 7.0
1901 4292 7.0
1906 1997 7.0
1907 4785 7.0
1920 3674 7.0
1922 2709 7.0
1925 4281 7.0
1945 4163 7.0
1959 2517 7.0
1962 2027 7.0
1991 3445 7.0
1993 4804 7.0
2008 2771 7.0
2013 3583 7.0
2016 2120 7.0
2027 2664 7.0
2031 4192 7.0
2039 3961 7.0
2058 2581 7.0
2073 3637 7.0
2082 2813 7.0
2099 2295 7.0
2100 2586 7.0
2102 4716 7.0
2106 4380 7.0
2107 3547 7.0
2110 325 7.0
2110 3762 7.0
2118 4666 7.0
2143 2210 7.0
2156 3341 7.0
2172 2239 7.0
2172 4670 7.0
2173 2659 7.0
2173 4408 7.0
2174 218 7.0
2196 2542 7.0
2199 4586 7.0
2209 4030 7.0
2210 3816 7.0
2218 4427 7.0
2243 1459 7.0
2249 3105 7.0
2255 3372 7.0
2300 3491 7.0
2301 2893 7.0
2304 2668 7.0
2307 4708 7.0
2319 2346 7.0
2319 3455 7.0
2341 3407 7.0
2349 3454 7.0
2358 3873 7.0
2359 3579 7.0
2371 3826 7.0
2373 4070 7.0
2376 4716 7.0
2379 4782 7.0
2397 3133 7.0
2398 4287 7.0
2399 3407 7.0
2411 4197 7.0
2418 3680 7.0
2421 4229 7.0
2429 3762 7.0
2440 4818 7.0
2443 2687 7.0
2463 2995 7.0
2466 3258 7.0
2467 4179 7.0
2478 2690 7.0
2479 4502 7.0
2480 3241 7.0
2485 2615 7.0
2487 2558 7.0
2499 3536 7.0
2504 2798 7.0
2505 4302 7.0
2524 2901 7.0
2532 4439 7.0
2544 3950 7.0
2545 4307 7.0
2580 3043 7.0
2585 2894 7.0
2592 4570 7.0
2625 3640 7.0
2633 4017 7.0
2634 4362 7.0
2641 4221 7.0
2642 2747 7.0
2642 3386 7.0
2664 3874 7.0
2665 3257 7.0
2674 2709 7.0
2686 3679 7.0
2694 4557 7.0
2704 4761 7.0
2705 3638 7.0
2713 3854 7.0
2718 3020 7.0
2725 3289 7.0
2743 4298 7.0
2786 3123 7.0
2804 3988 7.0
2808 3575 7.0
2809 4743 7.0
2834 4129 7.0
2839 3405 7.0
2851 2873 7.0
2862 4051 7.0
2872 4031 7.0
2912 4122 7.0
2919 4119 7.0
2923 3207 7.0
2935 4215 7.0
2960 4231 7.0
2978 4455 7.0
2982 3055 7.0
2984 3258 7.0
2988 690 7.0
2992 4821 7.0
3006 4320 7.0
3006 4695 7.0
3009 3596 7.0
3025 3515 7.0
3027 3839 7.0
3032 4742 7.0
3034 3459 7.0
3043 4621 7.0
3044 4484 7.0
3076 3500 7.0
3096 3522 7.0
3111 3597 7.0
3129 3140 7.0
3131 3191 7.0
3136 3449 7.0
3146 4155 7.0
3161 4598 7.0
3178 4423 7.0
3180 3567 7.0
3201 3360 7.0
3219 3316 7.0
3232 4727 7.0
3243 3089 7.0
3277 3592 7.0
3282 4823 7.0
3296 4121 7.0
3303 3699 7.0
3309 3371 7.0
3318 3567 7.0
3335 4162 7.0
3347 3671 7.0
3360 3591 7.0
3366 4799 7.0
3374 3689 7.0
3378 4141 7.0
3398 3458 7.0
3402 4118 7.0
3416 3460 7.0
3425 4797 7.0
3430 3607 7.0
3433 3680 7.0
3455 3728 7.0
3459 1985 7.0
3499 3842 7.0
3501 4611 7.0
3504 3716 7.0
3548 4488 7.0
3552 4292 7.0
3556 4592 7.0
3595 3660 7.0
3609 4480 7.0
3625 4210 7.0
3631 4061 7.0
3642 4214 7.0
3650 3924 7.0
3702 4190 7.0
3720 3866 7.0
3734 4124 7.0
3754 4420 7.0
3761 4125 7.0
3774 3827 7.0
3834 3091 7.0
3835 3889 7.0
3835 4582 7.0
3839 4576 7.0
3879 4735 7.0
3902 4754 7.0
3913 4170 7.0
3923 4755 7.0
3943 732 7.0
3946 3997 7.0
3982 4187 7.0
4005 4312 7.0
4037 4646 7.0
4042 4706 7.0
4053 4646 7.0
4101 4590 7.0
4129 135 7.0
4159 4344 7.0
4162 4340 7.0
4165 4488 7.0
4192 4408 7.0
4294 2359 7.0
4347 4451 7.0
4379 4717 7.0
4391 4580 7.0
4416 4428 7.0
4430 4524 7.0
3 2951 8.0
9 3933 8.0
14 4573 8.0
22 2492 8.0
28 2137 8.0
28 3743 8.0
38 2398 8.0
41 388 8.0
47 4755 8.0
52 3845 8.0
55 3335 8.0
58 4599 8.0
60 4418 8.0
71 4139 8.0
71 4688 8.0
78 347 8.0
82 3548 8.0
84 1031 8.0
87 3604 8.0
98 2596 8.0
102 1890 8.0
103 2616 8.0
106 4823 8.0
107 1321 8.0
116 1508 8.0
117 3136 8.0
117 4315 8.0
120 4200 8.0
121 2186 8.0
121 4674 8.0
128 996 8.0
144 2176 8.0
154 2963 8.0
156 2722 8.0
158 285 8.0
161 2805 8.0
177 4517 8.0
178 1749 8.0
179 2288 8.0
189 4775 8.0
193 1291 8.0
195 3185 8.0
197 2376 8.0
198 337 8.0
204 2277 8.0
209 2933 8.0
221 4506 8.0
225 1788 8.0
231 2517 8.0
231 4079 8.0
240 735 8.0
242 312 8.0
242 998 8.0
248 4341 8.0
249 3281 8.0
255 2811 8.0
259 3227 8.0
262 1049 8.0
266 4829 8.0
269 1855 8.0
269 3346 8.0
275 2099 8.0
295 570 8.0
295 3421 8.0
296 3394 8.0
303 1336 8.0
322 704 8.0
331 2114 8.0
337 2307 8.0
338 3544 8.0
340 3847 8.0
359 830 8.0
359 4584 8.0
369 3631 8.0
374 1334 8.0
377 2991 8.0
379 3326 8.0
385 860 8.0
407 1387 8.0
408 2368 8.0
408 4351 8.0
409 1337 8.0
412 4666 8.0
413 2751 8.0
418 2189 8.0
421 4468 8.0
422 1230 8.0
425 2648 8.0
439 3523 8.0
441 3332 8.0
447 3394 8.0
462 3658 8.0
468 1960 8.0
470 1655 8.0
471 1425 8.0
472 1543 8.0
480 3693 8.0
490 1341 8.0
490 2397 8.0
490 2502 8.0
495 1723 8.0
500 2336 8.0
500 4830 8.0
524 993 8.0
524 3490 8.0
526 938 8.0
541 609 8.0
543 1171 8.0
561 4511 8.0
578 1338 8.0
590 1710 8.0
592 4415 8.0
595 2303 8.0
600 1137 8.0
604 4820 8.0
610 1581 8.0
616 3750 8.0
622 2250 8.0
648 4036 8.0
653 2653 8.0
655 1880 8.0
655 2625 8.0
664 877 8.0
667 4072 8.0
680 1428 8.0
681 1858 8.0
683 1823 8.0
686 2243 8.0
686 2824 8.0
687 4668 8.0
692 2065 8.0
697 897 8.0
699 2345 8.0
701 2192 8.0
703 1179 8.0
713 3540 8.0
714 1099 8.0
715 1739 8.0
721 1370 8.0
721 2902 8.0
735 2215 8.0
748 3354 8.0
776 1491 8.0
785 2326 8.0
788 1395 8.0
790 4559 8.0
792 3340 8.0
793 3899 8.0
794 3087 8.0
797 4770 8.0
799 4547 8.0
811 1583 8.0
815 3615 8.0
833 1144 8.0
847 3794 8.0
849 3172 8.0
850 2144 8.0
861 1980 8.0
863 3390 8.0
869 3634 8.0
871 1320 8.0
873 1627 8.0
887 3409 8.0
888 3199 8.0
895 1286 8.0
895 4028 8.0
895 4168 8.0
902 1111 8.0
902 3190 8.0
909 3081 8.0
917 2889 8.0
920 3246 8.0
930 1422 8.0
931 3817 8.0
934 2974 8.0
942 3083 8.0
945 2639 8.0
947 4688 8.0
951 3639 8.0
954 3276 8.0
969 3811 8.0
976 3150 8.0
984 2227 8.0
1000 3617 8.0
1025 4583 8.0
1029 4439 8.0
1037 2039 8.0
1037 4781 8.0
1038 1096 8.0
1049 2624 8.0
1052 2354 8.0
1063 3821 8.0
1075 1384 8.0
1076 2319 8.0
1080 4274 8.0
1084 1669 8.0
1086 3583 8.0
1087 1386 8.0
1090 4705 8.0
1096 1276 8.0
1104 4125 8.0
1105 1236 8.0
1105 3269 8.0
1109 2949 8.0
1119 4558 8.0
1121 2224 8.0
1124 1857 8.0
1130 2199 8.0
1133 2033 8.0
1135 1628 8.0
1151 3284 8.0
1162 1170 8.0
1179 4739 8.0
1181 4095 8.0
1188 3121 8.0
1200 4563 8.0
1206 3653 8.0
1211 2815 8.0
1212 2005 8.0
1212 4571 8.0
1214 2642 8.0
1217 1221 8.0
1218 3846 8.0
1227 1880 8.0
1237 3600 8.0
1245 3596 8.0
1246 1532 8.0
1252 1783 8.0
1259 2274 8.0
1271 4144 8.0
1303 1919 8.0
1304 1324 8.0
1310 4125 8.0
1311 2023 8.0
1327 1825 8.0
1335 2008 8.0
1344 1790 8.0
1349 3686 8.0
1353 2683 8.0
1354 3809 8.0
1384 2387 8.0
1389 1972 8.0
1406 3459 8.0
1409 4706 8.0
1432 3328 8.0
1434 3622 8.0
1437 2504 8.0
1445 4222 8.0
1452 3944 8.0
1458 4774 8.0
1475 3420 8.0
1477 4374 8.0
1479 1823 8.0
1479 4098 8.0
1494 2031 8.0
1499 1932 8.0
1500 3544 8.0
1528 1847 8.0
1531 3317 8.0
1532 3355 8.0
1547 2477 8.0
1548 1795 8.0
1552 4546 8.0
1564 4162 8.0
1568 3353 8.0
1572 2426 8.0
1573 3878 8.0
1576 1877 8.0
1592 2052 8.0
1595 2305 8.0
1600 2866 8.0
1603 2277 8.0
1617 3499 8.0
1623 1814 8.0
1627 1651 8.0
1630 2400 8.0
1640 1817 8.0
1640 2203 8.0
1640 3752 8.0
1644 2020 8.0
1649 4584 8.0
1652 2928 8.0
1658 3071 8.0
1688 3503 8.0
1703 3696 8.0
1710 1862 8.0
1724 4608 8.0
1727 3835 8.0
1767 4324 8.0
1771 4777 8.0
1776 2930 8.0
1777 168 8.0
1787 3041 8.0
1787 3202 8.0
1791 4097 8.0
1797 2912 8.0
1833 3849 8.0
1837 2912 8.0
1879 3867 8.0
1880 2307 8.0
1892 4018 8.0
1893 4785 8.0
1924 3239 8.0
1942 4496 8.0
1946 214 8.0
1953 3979 8.0
1976 3607 8.0
1980 2231 8.0
1989 4626 8.0
1995 3990 8.0
2000 4002 8.0
2000 4174 8.0
2006 3925 8.0
2015 3633 8.0
2017 3516 8.0
2022 2336 8.0
2040 4234 8.0
2045 3527 8.0
2058 4616 8.0
2060 3458 8.0
2088 2436 8.0
2097 4654 8.0
2102 2792 8.0
2112 2714 8.0
2126 3172 8.0
2149 3692 8.0
2149 4236 8.0
2162 4321 8.0
2165 4803 8.0
2188 2389 8.0
2196 4612 8.0
2227 3600 8.0
2238 2301 8.0
2238 4032 8.0
2251 4130 8.0
2277 4676 8.0
2278 3638 8.0
2281 4672 8.0
2294 2934 8.0
2294 3816 8.0
2308 4554 8.0
2326 4689 8.0
2338 4548 8.0
2348 4322 8.0
2351 3240 8.0
2357 4186 8.0
2369 4797 8.0
2391 3737 8.0
2392 4824 8.0
2408 4638 8.0
2421 4103 8.0
2428 2943 8.0
2439 2950 8.0
2497 4612 8.0
2514 4732 8.0
2527 4588 8.0
2534 4645 8.0
2539 3148 8.0
2555 3216 8.0
2564 3272 8.0
2574 2814 8.0
2581 3481 8.0
2582 4679 8.0
2593 3320 8.0
2593 4475 8.0
2594 4207 8.0
2617 2814 8.0
2690 4455 8.0
2703 4578 8.0
2720 3334 8.0
2722 3850 8.0
2736 3870 8.0
2738 4420 8.0
2753 3295 8.0
2756 820 8.0
2756 3528 8.0
2762 1985 8.0
2768 3370 8.0
2780 3943 8.0
2789 3746 8.0
2792 3515 8.0
2807 2979 8.0
2812 4300 8.0
2824 2880 8.0
2824 4146 8.0
2831 4794 8.0
2906 4504 8.0
2916 4139 8.0
2936 4436 8.0
2939 3080 8.0
2942 4022 8.0
2955 3449 8.0
2989 3894 8.0
3012 4108 8.0
3018 4117 8.0
3019 3805 8.0
3026 3205 8.0
3060 4064 8.0
3103 3263 8.0
3106 3486 8.0
3106 4132 8.0
3112 3652 8.0
3129 4017 8.0
3148 4643 8.0
3183 3656 8.0
3215 3795 8.0
3233 3804 8.0
3250 4632 8.0
3263 4388 8.0
3283 4566 8.0
3309 3452 8.0
3309 4402 8.0
3324 4011 8.0
3330 4131 8.0
3346 3897 8.0
3366 4272 8.0
3381 3959 8.0
3400 4302 8.0
3416 3979 8.0
3460 3462 8.0
3462 3895 8.0
3477 4371 8.0
3506 4685 8.0
3518 3655 8.0
3581 2845 8.0
3608 4128 8.0
3614 4651 8.0
3670 3919 8.0
3671 4104 8.0
3673 4259 8.0
3690 4110 8.0
3707 2146 8.0
3716 4188 8.0
3743 4653 8.0
3754 3927 8.0
3758 4714 8.0
3774 3830 8.0
3815 2577 8.0
3834 3972 8.0
3865 4746 8.0
3873 4071 8.0
3938 3979 8.0
3994 4759 8.0
3995 4012 8.0
4005 4215 8.0
4130 4383 8.0
4153 4575 8.0
4161 1379 8.0
4228 4805 8.0
4251 4323 8.0
4251 4409 8.0
4364 4637 8.0
4439 4729 8.0
4443 4475 8.0
4446 4755 8.0
4450 3174 8.0
4495 4648 8.0
4549 4711 8.0
4590 4594 8.0
4682 4696 8.0
7 151 9.0
11 1904 9.0
22 2272 9.0
22 3649 9.0
30 270 9.0
33 1369 9.0
33 2073 9.0
49 3345 9.0
71 264 9.0
76 3669 9.0
89 1970 9.0
94 2743 9.0
96 3665 9.0
97 1051 9.0
115 184 9.0
118 3121 9.0
123 3312 9.0
126 824 9.0
127 1335 9.0
137 2948 9.0
139 2006 9.0
140 2412 9.0
156 4061 9.0
156 4773 9.0
162 2457 9.0
173 1240 9.0
178 401 9.0
189 1866 9.0
189 1927 9.0
194 3659 9.0
210 917 9.0
210 4372 9.0
213 1674 9.0
215 781 9.0
215 4628 9.0
242 3821 9.0
246 1907 9.0
247 3106 9.0
255 1574 9.0
261 501 9.0
261 3102 9.0
266 3901 9.0
267 3758 9.0
287 1803 9.0
288 3144 9.0
295 1956 9.0
296 1720 9.0
297 1480 9.0
297 4047 9.0
308 2925 9.0
316 1006 9.0
330 2923 9.0
336 4032 9.0
338 1856 9.0
345 2296 9.0
351 2148 9.0
357 4077 9.0
378 3314 9.0
380 4266 9.0
395 4048 9.0
396 1394 9.0
396 1758 9.0
396 1769 9.0
397 1917 9.0
399 3306 9.0
403 2636 9.0
405 807 9.0
420 2935 9.0
440 4174 9.0
440 4774 9.0
455 1341 9.0
461 2339 9.0
464 1210 9.0
470 809 9.0
472 4543 9.0
474 2000 9.0
481 4417 9.0
488 959 9.0
491 543 9.0
494 4535 9.0
496 4456 9.0
501 757 9.0
508 627 9.0
511 658 9.0
511 3423 9.0
515 4390 9.0
533 2038 9.0
535 4606 9.0
537 2757 9.0
556 2806 9.0
557 2161 9.0
557 4166 9.0
560 1732 9.0
571 2524 9.0
579 1756 9.0
581 3020 9.0
609 922 9.0
616 1072 9.0
621 2212 9.0
623 382 9.0
627 4083 9.0
630 4521 9.0
634 931 9.0
635 1290 9.0
635 2900 9.0
636 4131 9.0
638 749 9.0
640 3594 9.0
641 1343 9.0
647 2765 9.0
656 3702 9.0
662 3971 9.0
662 3989 9.0
663 1244 9.0
663 1390 9.0
663 4322 9.0
664 3507 9.0
668 3932 9.0
674 3346 9.0
685 3092 9.0
689 2442 9.0
697 3941 9.0
700 2039 9.0
705 2907 9.0
706 1660 9.0
709 3131 9.0
710 4033 9.0
713 2869 9.0
722 4148 9.0
725 3012 9.0
728 2541 9.0
740 4148 9.0
744 1137 9.0
744 4815 9.0
745 3272 9.0
752 2109 9.0
758 2813 9.0
765 4140 9.0
771 1755 9.0
785 1330 9.0
788 1533 9.0
789 3478 9.0
796 4595 9.0
802 3127 9.0
804 1673 9.0
817 3652 9.0
819 2777 9.0
827 1667 9.0
842 2042 9.0
843 4477 9.0
848 2837 9.0
875 2202 9.0
876 4652 9.0
893 3591 9.0
896 2126 9.0
902 3599 9.0
914 3037 9.0
924 1133 9.0
927 2611 9.0
928 1726 9.0
934 3669 9.0
943 3216 9.0
944 2005 9.0
947 4266 9.0
950 1158 9.0
967 3259 9.0
970 4431 9.0
973 3954 9.0
977 4228 9.0
989 2898 9.0
1000 3615 9.0
1017 1442 9.0
1024 4744 9.0
1045 2295 9.0
1047 3231 9.0
1047 4509 9.0
1070 2402 9.0
1074 4149 9.0
1088 3070 9.0
1110 3133 9.0
1118 3166 9.0
1139 2973 9.0
1141 1307 9.0
1149 3245 9.0
1149 4022 9.0
1150 3140 9.0
1152 2456 9.0
1160 4796 9.0
1162 1575 9.0
1181 2539 9.0
1187 4112 9.0
1190 2116 9.0
1192 2853 9.0
1195 2734 9.0
1196 2679 9.0
1206 2262 9.0
1229 1304 9.0
1236 2771 9.0
1236 3535 9.0
1237 4371 9.0
1257 3830 9.0
1259 2086 9.0
1263 1836 9.0
1265 1873 9.0
1267 1848 9.0
1276 1583 9.0
1276 2230 9.0
1278 2079 9.0
1285 3163 9.0
1300 4705 9.0
1328 1849 9.0
1330 1483 9.0
1334 3509 9.0
1339 3315 9.0
1341 2553 9.0
1350 4004 9.0
1361 3646 9.0
1363 2455 9.0
1380 2701 9.0
1380 2932 9.0
1390 2696 9.0
1394 1915 9.0
1400 2772 9.0
1404 4564 9.0
1411 1631 9.0
1413 3415 9.0
1416 3620 9.0
1419 4404 9.0
1432 3525 9.0
1435 4379 9.0
1444 3046 9.0
1461 2570 9.0
1466 4560 9.0
1480 1521 9.0
1483 3065 9.0
1491 3170 9.0
1505 3223 9.0
1508 3888 9.0
1515 323 9.0
1531 3748 9.0
1533 2631 9.0
1543 1742 9.0
1545 2082 9.0
1549 4229 9.0
1590 1888 9.0
1596 886 9.0
1611 3637 9.0
1614 3484 9.0
1618 4038 9.0
1618 4392 9.0
1624 845 9.0
1642 3463 9.0
1650 1688 9.0
1654 327 9.0
1654 2098 9.0
1663 1782 9.0
1679 2864 9.0
1699 2992 9.0
1703 2451 9.0
1703 3610 9.0
1704 4230 9.0
1710 2594 9.0
1713 3581 9.0
1716 3188 9.0
1732 4377 9.0
1745 4100 9.0
1745 4180 9.0
1753 780 9.0
1758 3567 9.0
1778 3173 9.0
1783 4509 9.0
1789 3775 9.0
1833 1882 9.0
1844 3555 9.0
1846 4431 9.0
1863 1994 9.0
1863 2159 9.0
1863 2410 9.0
1877 2038 9.0
1903 4359 9.0
1933 4415 9.0
1948 4502 9.0
1955 454 9.0
1965 3996 9.0
1969 2608 9.0
2004 2761 9.0
2010 2545 9.0
2017 1516 9.0
2024 4359 9.0
2025 3457 9.0
2028 2463 9.0
2037 2266 9.0
2040 2725 9.0
2044 3520 9.0
2046 2637 9.0
2047 2438 9.0
2053 2419 9.0
2090 3730 9.0
2093 3432 9.0
2095 2362 9.0
2095 3257 9.0
2111 2477 9.0
2118 2905 9.0
2130 2593 9.0
2145 2593 9.0
2170 3746 9.0
2177 3343 9.0
2180 3956 9.0
2193 2576 9.0
2200 4815 9.0
2213 3614 9.0
2223 3085 9.0
2267 3391 9.0
2267 3832 9.0
2288 4229 9.0
2289 3773 9.0
2292 974 9.0
2323 2555 9.0
2323 2986 9.0
2347 3633 9.0
2349 3181 9.0
2367 3243 9.0
2379 2395 9.0
2383 4165 9.0
2388 3197 9.0
2391 4351 9.0
2392 3973 9.0
2400 3392 9.0
2430 4562 9.0
2442 3633 9.0
2458 1793 9.0
2492 3485 9.0
2506 3497 9.0
2513 1163 9.0
2530 3626 9.0
2563 2568 9.0
2567 2556 9.0
2585 3161 9.0
2587 2832 9.0
2590 4375 9.0
2609 50 9.0
2625 2637 9.0
2677 2955 9.0
2681 3192 9.0
2682 4573 9.0
2689 3592 9.0
2701 3143 9.0
2704 3873 9.0
2751 3063 9.0
2752 2962 9.0
2764 1113 9.0
2785 3417 9.0
2813 3129 9.0
2815 4527 9.0
2847 3016 9.0
2860 4672 9.0
2882 3968 9.0
2884 3329 9.0
2906 4341 9.0
2917 4559 9.0
2918 3098 9.0
2921 4235 9.0
2943 4012 9.0
2976 3579 9.0
2977 4588 9.0
3035 3023 9.0
3048 4659 9.0
3077 4429 9.0
3078 4046 9.0
3083 3843 9.0
3142 4442 9.0
3146 3626 9.0
3159 3294 9.0
3163 1809 9.0
3176 1302 9.0
3233 3789 9.0
3247 3828 9.0
3316 4141 9.0
3325 3766 9.0
3365 4778 9.0
3367 448 9.0
3383 4608 9.0
3416 3089 9.0
3434 4132 9.0
3450 3957 9.0
3627 3753 9.0
3668 3845 9.0
3677 4122 9.0
3726 4080 9.0
3765 4047 9.0
3777 4508 9.0
3778 4221 9.0
3779 4556 9.0
3788 2845 9.0
3833 4582 9.0
3836 4449 9.0
3852 366 9.0
3900 3904 9.0
3904 4503 9.0
3930 4417 9.0
3953 4009 9.0
3964 4413 9.0
4026 4283 9.0
4053 4168 9.0
4054 1546 9.0
4060 4330 9.0
4108 4134 9.0
4133 4585 9.0
4152 4314 9.0
4164 4690 9.0
4209 4536 9.0
4224 4339 9.0
4258 4565 9.0
4301 4634 9.0
4430 2178 9.0
4468 1734 9.0
4506 2441 9.0
4541 1900 9.0
4551 3858 9.0
4625 1302 9.0
4655 1955 9.0
4693 3735 9.0
4709 2441 9.0
4808 125 9.0
4809 578 9.0
4812 3820 9.0
12 4021 10.0
13 2888 10.0
34 3108 10.0
39 2112 10.0
57 1882 10.0
58 1054 10.0
59 219 10.0
60 3443 10.0
72 2586 10.0
90 437 10.0
93 2477 10.0
101 1518 10.0
112 4197 10.0
115 4169 10.0
116 4257 10.0
143 4286 10.0
151 2496 10.0
152 2090 10.0
160 2703 10.0
161 1593 10.0
163 508 10.0
174 847 10.0
187 2414 10.0
189 1011 10.0
196 1043 10.0
204 3590 10.0
205 715 10.0
208 2946 10.0
212 1273 10.0
212 4098 10.0
229 767 10.0
229 1086 10.0
230 1543 10.0
232 1052 10.0
247 1405 10.0
247 2806 10.0
252 1532 10.0
258 3711 10.0
260 1480 10.0
264 4669 10.0
276 391 10.0
296 2981 10.0
310 2638 10.0
315 1015 10.0
333 1988 10.0
360 4176 10.0
373 825 10.0
375 2061 10.0
384 2389 10.0
389 3411 10.0
397 4749 10.0
398 4136 10.0
399 3801 10.0
403 4311 10.0
406 2461 10.0
432 4183 10.0
450 2419 10.0
452 2879 10.0
461 2983 10.0
484 3924 10.0
489 2503 10.0
499 3868 10.0
507 2959 10.0
514 1276 10.0
520 611 10.0
535 3612 10.0
536 3233 10.0
536 3510 10.0
537 933 10.0
537 3427 10.0
539 636 10.0
541 2987 10.0
547 599 10.0
563 1729 10.0
565 3445 10.0
579 1642 10.0
591 3287 10.0
597 3362 10.0
604 3114 10.0
613 2248 10.0
613 2313 10.0
621 3828 10.0
622 1642 10.0
622 2907 10.0
649 3250 10.0
651 1937 10.0
652 4710 10.0
657 4459 10.0
681 4629 10.0
692 3374 10.0
701 1860 10.0
702 2536 10.0
714 868 10.0
716 3271 10.0
718 2911 10.0
728 4280 10.0
733 3443 10.0
736 3364 10.0
736 3757 10.0
740 788 10.0
746 1403 10.0
746 4593 10.0
747 2846 10.0
749 1835 10.0
752 3143 10.0
760 2468 10.0
770 2033 10.0
775 858 10.0
782 4085 10.0
785 3212 10.0
790 1774 10.0
790 3197 10.0
815 1604 10.0
819 1794 10.0
831 1075 10.0
831 1267 10.0
831 3308 10.0
832 4006 10.0
847 3418 10.0
864 1327 10.0
884 2885 10.0
929 4493 10.0
930 3187 10.0
941 3598 10.0
943 3512 10.0
946 1056 10.0
958 2575 10.0
959 2500 10.0
984 1803 10.0
985 4683 10.0
988 4214 10.0
989 4735 10.0
999 1236 10.0
1005 3392 10.0
1020 3942 10.0
1034 1274 10.0
1043 1591 10.0
1049 3819 10.0
1073 2811 10.0
1087 2936 10.0
1089 4177 10.0
1108 4313 10.0
1121 3792 10.0
1138 1821 10.0
1142 1327 10.0
1156 2331 10.0
1164 1550 10.0
1167 818 10.0
1174 2342 10.0
1182 3545 10.0
1185 1493 10.0
1192 1429 10.0
1212 4387 10.0
1215 4422 10.0
1223 3147 10.0
1224 1334 10.0
1232 2957 10.0
1234 3715 10.0
1235 4234 10.0
1242 1478 10.0
1249 4758 10.0
1251 3945 10.0
1262 1998 10.0
1284 1547 10.0
1304 1423 10.0
1306 1843 10.0
1309 3320 10.0
1326 2752 10.0
1352 3636 10.0
1356 3434 10.0
1364 2091 10.0
1364 3842 10.0
1383 1786 10.0
1383 3150 10.0
1400 3216 10.0
1410 3029 10.0
1422 3319 10.0
1430 2959 10.0
1444 2770 10.0
1467 3921 10.0
1468 3562 10.0
1517 2455 10.0
1545 1998 10.0
1570 4680 10.0
1591 4493 10.0
1593 890 10.0
1603 3389 10.0
1605 3941 10.0
1614 3764 10.0
1699 4130 10.0
1708 3429 10.0
1726 3270 10.0
1728 4361 10.0
1744 1931 10.0
1755 3474 10.0
1794 2891 10.0
1794 3067 10.0
1801 4744 10.0
1805 2048 10.0
1819 2760 10.0
1821 3790 10.0
1862 1992 10.0
1879 3929 10.0
1898 4821 10.0
1899 2711 10.0
1912 2983 10.0
1939 4393 10.0
1943 1988 10.0
1948 2685 10.0
1958 2792 10.0
1964 2086 10.0
1972 2193 10.0
1979 3264 10.0
1979 3803 10.0
2001 2938 10.0
2012 3856 10.0
2030 3680 10.0
2035 3710 10.0
2044 2356 10.0
2081 4193 10.0
2086 4364 10.0
2088 2967 10.0
2115 2434 10.0
2145 2179 10.0
2183 3383 10.0
2183 4609 10.0
2185 2606 10.0
2190 4495 10.0
2200 3301 10.0
2220 2621 10.0
2234 2348 10.0
2258 1828 10.0
2280 3299 10.0
2282 4732 10.0
2313 2753 10.0
2313 2824 10.0
2326 4780 10.0
2329 4638 10.0
2331 3249 10.0
2404 2425 10.0
2430 4815 10.0
2432 3423 10.0
2442 3251 10.0
2457 4395 10.0
2462 3180 10.0
2496 4286 10.0
2517 3195 10.0
2519 4272 10.0
2521 3533 10.0
2524 3407 10.0
2537 3944 10.0
2540 4656 10.0
2543 4045 10.0
2570 3582 10.0
2630 3062 10.0
2657 3755 10.0
2666 2961 10.0
2722 4344 10.0
2745 3385 10.0
2749 4828 10.0
2752 3927 10.0
2754 3573 10.0
2765 2810 10.0
2765 4026 10.0
2774 4477 10.0
2790 3988 10.0
2793 3801 10.0
2826 3237 10.0
2832 1207 10.0
2879 2579 10.0
2942 3430 10.0
2961 4413 10.0
2963 4048 10.0
2964 2984 10.0
2969 4678 10.0
2971 4707 10.0
2973 3043 10.0
2988 3783 10.0
2995 3710 10.0
3030 4449 10.0
3069 3278 10.0
3078 4339 10.0
3138 3826 10.0
3167 4824 10.0
3179 3332 10.0
3221 2780 10.0
3260 3763 10.0
3285 4363 10.0
3301 3753 10.0
3315 618 10.0
3367 3558 10.0
3372 4023 10.0
3451 4135 10.0
3476 2054 10.0
3478 4562 10.0
3482 4363 10.0
3495 3672 10.0
3510 3517 10.0
3521 3988 10.0
3566 4703 10.0
3567 3872 10.0
3584 4344 10.0
3644 3959 10.0
3678 4520 10.0
3696 4291 10.0
3699 4689 10.0
3726 4024 10.0
3753 4259 10.0
3778 3031 10.0
3872 4591 10.0
3961 4403 10.0
3965 4243 10.0
3997 4243 10.0
4056 4821 10.0
4082 2441 10.0
4248 4787 10.0
4249 4454 10.0
4301 1466 10.0
4323 4605 10.0
4327 4290 10.0
4348 4634 10.0
4455 4657 10.0
4466 4715 10.0
4467 4714 10.0
4518 4728 10.0
4620 4694 10.0
4750 2657 10.0
4799 1808 10.0
2 2695 11.0
5 1803 11.0
7 3846 11.0
11 76 11.0
15 4816 11.0
24 1578 11.0
26 467 11.0
26 622 11.0
34 2048 11.0
37 1879 11.0
41 2188 11.0
49 3632 11.0
61 142 11.0
68 4482 11.0
70 4338 11.0
77 380 11.0
81 231 11.0
85 669 11.0
100 4240 11.0
104 1643 11.0
110 866 11.0
115 3005 11.0
132 2393 11.0
151 4242 11.0
155 1824 11.0
157 3260 11.0
167 480 11.0
167 3572 11.0
176 3432 11.0
183 4488 11.0
185 1646 11.0
187 1840 11.0
188 273 11.0
189 481 11.0
192 889 11.0
196 3718 11.0
203 544 11.0
203 2154 11.0
228 378 11.0
232 1041 11.0
255 2153 11.0
274 2853 11.0
289 3622 11.0
309 2097 11.0
314 2720 11.0
318 2091 11.0
319 1425 11.0
341 945 11.0
356 4711 11.0
359 3470 11.0
365 462 11.0
381 3853 11.0
387 1190 11.0
387 4327 11.0
389 1371 11.0
397 1423 11.0
406 2509 11.0
410 1417 11.0
411 1199 11.0
431 3763 11.0
432 1976 11.0
451 3526 11.0
460 3187 11.0
481 2437 11.0
488 4446 11.0
495 872 11.0
513 1224 11.0
516 453 11.0
516 4376 11.0
534 4709 11.0
564 4424 11.0
579 4240 11.0
589 2828 11.0
589 4062 11.0
639 741 11.0
658 3608 11.0
664 1455 11.0
665 4089 11.0
676 2085 11.0
678 1601 11.0
678 2753 11.0
710 4104 11.0
722 1306 11.0
723 2689 11.0
726 2312 11.0
747 2506 11.0
751 4180 11.0
758 2877 11.0
767 3691 11.0
786 4583 11.0
787 1257 11.0
804 3914 11.0
814 3718 11.0
832 871 11.0
836 3787 11.0
838 3756 11.0
848 1613 11.0
852 4776 11.0
864 963 11.0
877 1034 11.0
882 3157 11.0
894 1791 11.0
906 3074 11.0
916 3305 11.0
931 3283 11.0
933 4712 11.0
945 2717 11.0
948 1080 11.0
955 4180 11.0
963 1745 11.0
991 1826 11.0
1008 1384 11.0
1012 447 11.0
1017 2828 11.0
1019 1879 11.0
1031 3918 11.0
1034 3373 11.0
1035 4647 11.0
1042 4255 11.0
1080 1404 11.0
1106 4640 11.0
1127 4703 11.0
1155 3135 11.0
1169 2404 11.0
1170 1630 11.0
1189 3393 11.0
1202 2325 11.0
1211 4471 11.0
1217 1295 11.0
1229 2382 11.0
1231 2295 11.0
1233 1635 11.0
1233 3573 11.0
1238 4687 11.0
1278 4385 11.0
1280 2778 11.0
1288 3215 11.0
1323 1556 11.0
1325 2014 11.0
1344 3443 11.0
1357 2910 11.0
1371 1956 11.0
1377 95 11.0
1380 3777 11.0
1393 3130 11.0
1401 1461 11.0
1410 4739 11.0
1484 1827 11.0
1512 2462 11.0
1512 4086 11.0
1518 4520 11.0
1545 2364 11.0
1638 371 11.0
1647 3164 11.0
1656 3616 11.0
1712 2466 11.0
1731 3519 11.0
1757 3295 11.0
1773 2121 11.0
1775 2259 11.0
1778 2857 11.0
1791 3397 11.0
1802 578 11.0
1829 3995 11.0
1832 3635 11.0
1846 3932 11.0
1916 2612 11.0
1952 3708 11.0
1957 4386 11.0
1961 2407 11.0
1963 4583 11.0
1977 2114 11.0
2002 4458 11.0
2041 3537 11.0
2044 3405 11.0
2049 3505 11.0
2067 3826 11.0
2072 3766 11.0
2125 2947 11.0
2131 4145 11.0
2159 3158 11.0
2162 3225 11.0
2166 2874 11.0
2166 3902 11.0
2206 3630 11.0
2210 2607 11.0
2244 2732 11.0
2318 4490 11.0
2328 2877 11.0
2339 2956 11.0
2367 3305 11.0
2371 3260 11.0
2374 2700 11.0
2395 3164 11.0
2401 2513 11.0
2417 2825 11.0
2454 2674 11.0
2454 3897 11.0
2464 1513 11.0
2495 3753 11.0
2514 3341 11.0
2521 2747 11.0
2553 2875 11.0
2566 3452 11.0
2663 4209 11.0
2663 4327 11.0
2682 3584 11.0
2804 1783 11.0
2851 3518 11.0
2878 4813 11.0
2879 4505 11.0
2957 3546 11.0
2957 3550 11.0
3004 4392 11.0
3007 3327 11.0
3028 3576 11.0
3127 3882 11.0
3127 4520 11.0
3197 4429 11.0
3207 3711 11.0
3268 3803 11.0
3358 3671 11.0
3358 3798 11.0
3362 4158 11.0
3385 4736 11.0
3474 3983 11.0
3477 4767 11.0
3516 4633 11.0
3551 4452 11.0
3687 4200 11.0
3710 4467 11.0
3772 4048 11.0
3968 4768 11.0
3994 4803 11.0
4013 4394 11.0
4030 4185 11.0
4067 3420 11.0
4137 4693 11.0
4170 1752 11.0
4197 4238 11.0
4255 225 11.0
4303 117 11.0
4321 3506 11.0
4446 4496 11.0
4613 4637 11.0
4614 4631 11.0
4620 1239 11.0
4679 1179 11.0
4704 2807 11.0
10 3069 12.0
36 3284 12.0
39 3994 12.0
42 1806 12.0
55 1560 12.0
56 4782 12.0
68 891 12.0
81 1756 12.0
85 1404 12.0
86 286 12.0
102 3390 12.0
104 528 12.0
108 2330 12.0
114 3675 12.0
128 3127 12.0
143 3484 12.0
144 724 12.0
154 1986 12.0
159 3108 12.0
166 1122 12.0
185 4385 12.0
186 287 12.0
188 1201 12.0
191 1996 12.0
204 4607 12.0
212 1628 12.0
213 2959 12.0
233 975 12.0
245 3220 12.0
259 360 12.0
301 4604 12.0
314 3132 12.0
338 3684 12.0
368 2175 12.0
368 3422 12.0
370 933 12.0
377 3689 12.0
386 3756 12.0
389 2966 12.0
397 1956 12.0
404 4008 12.0
411 3756 12.0
416 2940 12.0
438 2347 12.0
438 3628 12.0
451 675 12.0
502 3871 12.0
504 498 12.0
522 1503 12.0
525 2601 12.0
526 1155 12.0
528 4459 12.0
549 666 12.0
550 1391 12.0
550 1408 12.0
552 2287 12.0
554 4520 12.0
562 3612 12.0
563 804 12.0
567 4272 12.0
577 468 12.0
585 1767 12.0
594 1133 12.0
627 3882 12.0
644 4691 12.0
650 1882 12.0
669 2500 12.0
678 4596 12.0
696 3292 12.0
706 3931 12.0
707 3565 12.0
707 3926 12.0
708 2387 12.0
708 4127 12.0
711 729 12.0
727 4559 12.0
741 1314 12.0
743 2680 12.0
759 4783 12.0
786 4582 12.0
793 1297 12.0
838 1696 12.0
848 4787 12.0
879 2511 12.0
899 3313 12.0
904 2984 12.0
934 1168 12.0
964 1142 12.0
970 3218 12.0
980 1619 12.0
988 3956 12.0
1008 4268 12.0
1010 2309 12.0
1013 3767 12.0
1044 1262 12.0
1054 2360 12.0
1064 1894 12.0
1077 1653 12.0
1120 2651 12.0
1159 1657 12.0
1167 4610 12.0
1171 4561 12.0
1195 4218 12.0
1225 2318 12.0
1231 2918 12.0
1254 2080 12.0
1255 4428 12.0
1267 2473 12.0
1330 1540 12.0
1352 267 12.0
1353 2329 12.0
1354 4775 12.0
1391 2381 12.0
1411 4159 12.0
1465 3403 12.0
1474 2522 12.0
1474 2684 12.0
1479 2147 12.0
1481 3797 12.0
1501 3767 12.0
1502 2377 12.0
1527 4435 12.0
1558 1816 12.0
1614 4519 12.0
1634 4472 12.0
1684 3349 12.0
1746 2066 12.0
1746 2426 12.0
1760 2468 12.0
1774 4136 12.0
1786 3094 12.0
1790 4485 12.0
1824 4460 12.0
1854 4775 12.0
1865 2433 12.0
1875 1157 12.0
1891 2423 12.0
1892 1596 12.0
1895 4088 12.0
1905 4052 12.0
1921 2389 12.0
1951 2872 12.0
1962 3945 12.0
1968 4377 12.0
2051 2920 12.0
2070 4801 12.0
2087 4390 12.0
2091 4776 12.0
2151 4224 12.0
2158 2160 12.0
2165 2507 12.0
2220 4049 12.0
2280 2614 12.0
2285 3287 12.0
2294 3856 12.0
2310 2313 12.0
2408 3044 12.0
2481 4332 12.0
2539 3845 12.0
2541 4530 12.0
2546 2991 12.0
2554 4148 12.0
2619 4327 12.0
2727 4757 12.0
2770 4547 12.0
2790 3575 12.0
2805 3100 12.0
2888 653 12.0
2909 2097 12.0
2926 3242 12.0
2927 3736 12.0
2959 3397 12.0
2986 3665 12.0
3059 3791 12.0
3068 3760 12.0
3072 4816 12.0
3187 4741 12.0
3217 4122 12.0
3247 4089 12.0
3286 4564 12.0
3314 3799 12.0
3393 4531 12.0
3466 4625 12.0
3494 172 12.0
3543 1100 12.0
3700 4453 12.0
3724 1679 12.0
3732 2764 12.0
3880 4429 12.0
3996 4148 12.0
4019 374 12.0
4020 4121 12.0
4055 4441 12.0
4101 1762 12.0
4154 834 12.0
4254 4287 12.0
4303 4675 12.0
4444 4699 12.0
4448 105 12.0
4476 4221 12.0
4537 4262 12.0
4553 4727 12.0
4715 4831 12.0
4790 4584 12.0
15 2357 13.0
17 458 13.0
24 185 13.0
29 1013 13.0
68 4326 13.0
80 672 13.0
96 3438 13.0
112 2251 13.0
129 4759 13.0
143 2363 13.0
152 550 13.0
194 2808 13.0
280 4683 13.0
283 2648 13.0
289 728 13.0
302 4260 13.0
314 1159 13.0
369 2782 13.0
383 1412 13.0
399 2712 13.0
406 494 13.0
483 1965 13.0
486 3234 13.0
539 4370 13.0
552 2637 13.0
577 2311 13.0
633 2367 13.0
643 867 13.0
649 1557 13.0
688 2079 13.0
704 1567 13.0
709 4372 13.0
719 1106 13.0
727 1655 13.0
782 2062 13.0
783 2004 13.0
786 856 13.0
787 2758 13.0
791 2945 13.0
836 4020 13.0
855 944 13.0
857 2743 13.0
871 3090 13.0
894 1798 13.0
946 1118 13.0
953 3956 13.0
955 1881 13.0
959 2921 13.0
965 1936 13.0
972 1019 13.0
985 4093 13.0
996 3039 13.0
1007 1648 13.0
1007 3215 13.0
1012 3376 13.0
1030 2712 13.0
1034 1940 13.0
1045 3672 13.0
1051 1165 13.0
1067 1626 13.0
1071 2343 13.0
1108 2521 13.0
1175 3791 13.0
1249 4486 13.0
1440 1660 13.0
1487 47 13.0
1509 4519 13.0
1514 2223 13.0
1526 1626 13.0
1537 3299 13.0
1696 4411 13.0
1743 3275 13.0
1774 1889 13.0
1784 2912 13.0
1816 1829 13.0
1835 3268 13.0
1841 4536 13.0
1841 4658 13.0
1842 2122 13.0
1879 2854 13.0
1891 2562 13.0
1906 2659 13.0
1911 240 13.0
1928 2700 13.0
1935 3291 13.0
1944 2938 13.0
1968 2861 13.0
2165 2294 13.0
2192 3079 13.0
2228 3729 13.0
2233 3891 13.0
2236 3193 13.0
2244 2215 13.0
2257 2607 13.0
2260 3700 13.0
2264 142 13.0
2363 4681 13.0
2374 4280 13.0
2387 3085 13.0
2452 3059 13.0
2461 3442 13.0
2529 3212 13.0
2562 2573 13.0
2651 3070 13.0
2671 3912 13.0
2679 4147 13.0
2683 3589 13.0
2716 3618 13.0
2773 3144 13.0
2820 4326 13.0
3011 809 13.0
3145 797 13.0
3153 4648 13.0
3160 1570 13.0
3222 3668 13.0
3247 4253 13.0
3297 3796 13.0
3300 3816 13.0
3313 4729 13.0
3344 1779 13.0
3441 4254 13.0
3573 3926 13.0
3729 3840 13.0
3824 2802 13.0
3829 4052 13.0
3859 4137 13.0
3867 4376 13.0
3883 4020 13.0
4039 4245 13.0
4099 4792 13.0
4227 4501 13.0
4398 2086 13.0
4503 1297 13.0
10 772 14.0
13 1180 14.0
31 1972 14.0
37 1968 14.0
91 1412 14.0
109 1881 14.0
188 2477 14.0
221 4752 14.0
234 3390 14.0
252 3787 14.0
252 4756 14.0
268 1005 14.0
306 1573 14.0
398 1973 14.0
402 2096 14.0
493 4416 14.0
499 1016 14.0
518 2329 14.0
569 4384 14.0
591 3178 14.0
608 2427 14.0
706 1298 14.0
706 3245 14.0
761 1601 14.0
777 2844 14.0
777 2934 14.0
928 3916 14.0
929 1333 14.0
965 4260 14.0
978 4757 14.0
979 3094 14.0
1021 2561 14.0
1023 4658 14.0
1062 3732 14.0
1065 2212 14.0
1071 3622 14.0
1080 2933 14.0
1131 3811 14.0
1143 2811 14.0
1171 2501 14.0
1254 3998 14.0
1260 1757 14.0
1323 1928 14.0
1345 2908 14.0
1420 3965 14.0
1463 2347 14.0
1465 319 14.0
1468 2179 14.0
1471 607 14.0
1481 3448 14.0
1493 3998 14.0
1547 2151 14.0
1567 3193 14.0
1577 24 14.0
1584 4578 14.0
1594 4052 14.0
1639 2573 14.0
1660 4052 14.0
1680 1097 14.0
1757 3111 14.0
1768 3038 14.0
1770 1806 14.0
1785 3014 14.0
1836 2627 14.0
1850 2800 14.0
1881 2632 14.0
1930 2118 14.0
1957 3094 14.0
1977 1794 14.0
1983 4445 14.0
2002 3249 14.0
2092 2104 14.0
2117 2343 14.0
2138 38 14.0
2177 1939 14.0
2390 4487 14.0
2423 3132 14.0
2681 3090 14.0
2683 4252 14.0
2687 3978 14.0
2721 3362 14.0
2769 4121 14.0
2795 3799 14.0
2816 3495 14.0
2857 1536 14.0
2857 3553 14.0
2871 3327 14.0
2987 4346 14.0
3017 3646 14.0
3242 4588 14.0
3287 281 14.0
3344 3708 14.0
3511 4788 14.0
3601 4629 14.0
3603 4109 14.0
3666 1455 14.0
3700 3422 14.0
3865 4512 14.0
3891 4544 14.0
3919 1504 14.0
3968 942 14.0
4031 3790 14.0
4354 4817 14.0
4406 3746 14.0
4424 1925 14.0
4635 1727 14.0
4671 4493 14.0
4733 4767 14.0
8 148 15.0
68 526 15.0
113 905 15.0
149 634 15.0
157 1668 15.0
160 1322 15.0
169 3454 15.0
200 1256 15.0
235 1127 15.0
245 2861 15.0
271 821 15.0
288 1906 15.0
329 975 15.0
329 2746 15.0
538 3168 15.0
555 2588 15.0
572 4638 15.0
583 274 15.0
626 1641 15.0
647 2143 15.0
793 2180 15.0
805 1772 15.0
805 2597 15.0
850 1256 15.0
884 4205 15.0
925 4076 15.0
928 4242 15.0
949 2374 15.0
969 1319 15.0
970 1051 15.0
997 2293 15.0
1024 3881 15.0
1026 3308 15.0
1039 2425 15.0
1046 1127 15.0
1067 1664 15.0
1079 2228 15.0
1129 2257 15.0
1136 1639 15.0
1140 1767 15.0
1381 3995 15.0
1433 2351 15.0
1433 3408 15.0
1441 2228 15.0
1493 12 15.0
1524 2557 15.0
1705 2306 15.0
1811 174 15.0
1819 1279 15.0
1826 2015 15.0
1872 2856 15.0
1883 999 15.0
1906 2371 15.0
1924 3354 15.0
1987 4411 15.0
2029 945 15.0
2059 4657 15.0
2059 4698 15.0
2062 2874 15.0
2129 4454 15.0
2166 3909 15.0
2195 4756 15.0
2285 2953 15.0
2432 4412 15.0
2444 3151 15.0
2515 3122 15.0
2523 2497 15.0
2550 2315 15.0
2719 2369 15.0
2727 4425 15.0
2744 2886 15.0
2782 3016 15.0
2817 4248 15.0
2929 3095 15.0
2952 4671 15.0
2985 4486 15.0
3017 3213 15.0
3101 353 15.0
3220 812 15.0
3224 1604 15.0
3331 1520 15.0
3382 3759 15.0
3627 3818 15.0
3636 3611 15.0
3740 4647 15.0
3741 4641 15.0
4066 4267 15.0
4249 4793 15.0
4375 2220 15.0
4381 3951 15.0
4469 577 15.0
4516 2361 15.0
4736 1857 15.0
36 3050 16.0
144 3891 16.0
271 2141 16.0
271 3369 16.0
329 2684 16.0
363 3635 16.0
395 2287 16.0
436 4048 16.0
493 1346 16.0
509 1060 16.0
544 2874 16.0
547 2488 16.0
555 3593 16.0
672 4189 16.0
693 3734 16.0
728 2121 16.0
772 1692 16.0
803 1196 16.0
880 3342 16.0
982 997 16.0
991 2586 16.0
1059 2012 16.0
1071 2678 16.0
1177 4010 16.0
1255 2465 16.0
1333 4309 16.0
1345 4096 16.0
1353 3917 16.0
1377 3322 16.0
1415 756 16.0
1438 632 16.0
1539 2042 16.0
1539 4085 16.0
1608 4665 16.0
1675 3226 16.0
1883 4247 16.0
1950 1965 16.0
2026 2253 16.0
2211 2603 16.0
2286 1296 16.0
2349 4652 16.0
2445 2684 16.0
2472 3427 16.0
2475 4788 16.0
2598 3767 16.0
2615 4544 16.0
2773 4401 16.0
2820 3776 16.0
2904 4465 16.0
3047 3931 16.0
3068 4465 16.0
3069 4740 16.0
3122 4248 16.0
3382 3545 16.0
3580 1212 16.0
3593 4447 16.0
3846 4561 16.0
4135 3748 16.0
4621 4607 16.0
10 499 17.0
35 2546 17.0
66 4096 17.0
75 655 17.0
111 3165 17.0
233 1775 17.0
356 3349 17.0
372 2104 17.0
372 2825 17.0
393 1069 17.0
499 262 17.0
502 1962 17.0
507 2018 17.0
542 1552 17.0
726 3954 17.0
731 777 17.0
750 1615 17.0
821 351 17.0
826 2985 17.0
995 444 17.0
1169 3235 17.0
1398 4453 17.0
1481 4444 17.0
1524 3881 17.0
1530 4099 17.0
1556 3217 17.0
1719 3435 17.0
1768 2084 17.0
1782 1612 17.0
1785 3498 17.0
1850 4486 17.0
1966 4444 17.0
1981 262 17.0
1983 2973 17.0
2007 524 17.0
2154 2333 17.0
2286 2009 17.0
2465 4579 17.0
2552 3456 17.0
2562 3128 17.0
2694 98 17.0
2710 3067 17.0
2871 61 17.0
3028 115 17.0
3107 3588 17.0
3128 4687 17.0
3297 4434 17.0
3513 3700 17.0
3825 4252 17.0
3902 2659 17.0
2 731 18.0
170 2475 18.0
237 483 18.0
238 4109 18.0
527 410 18.0
991 1247 18.0
1107 1986 18.0
1148 1966 18.0
1197 2680 18.0
1524 3479 18.0
1562 2671 18.0
1584 2269 18.0
1691 1705 18.0
1707 1262 18.0
1768 3333 18.0
1787 1011 18.0
1852 4252 18.0
1876 2372 18.0
1967 3264 18.0
1987 2728 18.0
2141 2384 18.0
2448 3138 18.0
2515 3586 18.0
2552 1075 18.0
3111 4050 18.0
3283 4642 18.0
3721 643 18.0
3822 3916 18.0
3823 1991 18.0
3920 621 18.0
4552 4100 18.0
4662 4806 18.0
66 2136 19.0
149 3805 19.0
180 1016 19.0
518 2842 19.0
555 4330 19.0
569 1571 19.0
821 971 19.0
879 3107 19.0
921 3377 19.0
921 4631 19.0
957 3431 19.0
957 3570 19.0
1166 3454 19.0
1172 2010 19.0
1412 3675 19.0
1554 2407 19.0
1672 2651 19.0
1832 4698 19.0
2309 2164 19.0
2309 4486 19.0
2417 4015 19.0
2444 3574 19.0
2471 1781 19.0
2825 3139 19.0
2929 3384 19.0
3015 2987 19.0
3109 4826 19.0
3124 4273 19.0
4189 1089 19.0
4490 564 19.0
4683 1465 19.0
4745 557 19.0
4760 70 19.0
25 4486 20.0
122 1663 20.0
209 3985 20.0
305 1537 20.0
446 938 20.0
446 4273 20.0
540 1187 20.0
652 395 20.0
693 973 20.0
754 4067 20.0
806 2253 20.0
828 4662 20.0
898 3253 20.0
1166 1331 20.0
1418 2552 20.0
1535 4328 20.0
1563 2065 20.0
1571 2226 20.0
1636 1382 20.0
2187 3041 20.0
2211 4566 20.0
2417 4416 20.0
2481 4737 20.0
2490 1641 20.0
2565 4469 20.0
2645 3760 20.0
2848 1099 20.0
3557 2445 20.0
3557 4328 20.0
3574 3734 20.0
3705 301 20.0
4093 4806 20.0
27 3981 21.0
478 1983 21.0
518 3428 21.0
670 1199 21.0
738 4008 21.0
1154 2062 21.0
1166 1441 21.0
1193 2700 21.0
1249 1954 21.0
1249 4546 21.0
1562 2119 21.0
2269 2865 21.0
2481 2635 21.0
2671 3193 21.0
2723 4010 21.0
3437 431 21.0
3574 4472 21.0
3714 1714 21.0
3851 3919 21.0
4233 1255 21.0
23 4737 22.0
114 2275 22.0
1355 2384 22.0
2547 3431 22.0
2843 3334 22.0
3015 4295 22.0
3940 2265 22.0
217 2887 23.0
486 3554 23.0
1503 1562 23.0
2483 2217 23.0
2650 615 23.0
27 2100 24.0
885 1503 24.0
957 2924 24.0
1035 3817 24.0
1424 4760 24.0
1718 3597 24.0
4035 1467 24.0
4360 4199 24.0
764 1345 25.0
2559 1675 25.0
190 1180 26.0
1634 2750 26.0
1740 2117 26.0
823 1247 27.0
3307 4060 27.0
3396 1247 28.0
1036 3322 29.0
1661 203 29.0
190 4485 30.0
2449 1021 30.0
1216 1944 31.0
3554 3981 31.0
3431 3128 32.0
4382 2133 32.0
823 4667 34.0
1055 2501 34.0
2818 522 34.0
3307 4660 35.0
2119 2887 36.0
