46 48 1.0
93 2302 1.0
108 1355 1.0
116 1524 1.0
199 201 1.0
229 4355 1.0
230 2152 1.0
265 3817 1.0
441 1580 1.0
500 4203 1.0
507 1762 1.0
527 1484 1.0
631 636 1.0
773 774 1.0
802 805 1.0
818 2894 1.0
851 4535 1.0
861 4397 1.0
919 3822 1.0
1088 4782 1.0
1107 3156 1.0
1177 4688 1.0
1203 4815 1.0
1240 1241 1.0
1266 2574 1.0
1300 1853 1.0
1343 1344 1.0
1425 2788 1.0
1478 1479 1.0
1507 2719 1.0
1508 3317 1.0
1556 1557 1.0
1662 2593 1.0
1672 1673 1.0
1672 3806 1.0
1733 2952 1.0
1793 2139 1.0
1896 3252 1.0
1937 1939 1.0
1971 1972 1.0
1980 1986 1.0
2063 2065 1.0
2086 2087 1.0
2165 3483 1.0
2297 2515 1.0
2326 3064 1.0
2404 3405 1.0
2435 2436 1.0
2655 2659 1.0
2665 3216 1.0
2682 4023 1.0
2688 3325 1.0
2697 4264 1.0
2713 3796 1.0
2721 3983 1.0
2772 4073 1.0
2993 3747 1.0
3078 4482 1.0
3084 3559 1.0
3152 4534 1.0
3214 3228 1.0
3228 4459 1.0
3318 4831 1.0
3327 4405 1.0
3368 3375 1.0
3399 3407 1.0
3558 3561 1.0
3611 3633 1.0
3644 4100 1.0
3673 3677 1.0
3678 4451 1.0
3862 4688 1.0
4072 4075 1.0
4262 4747 1.0
4270 4272 1.0
4751 4752 1.0
4 4122 2.0
9 1256 2.0
30 916 2.0
32 1735 2.0
48 2678 2.0
58 479 2.0
73 74 2.0
82 1300 2.0
101 2831 2.0
106 2200 2.0
115 4164 2.0
145 2761 2.0
149 4433 2.0
154 4498 2.0
171 1454 2.0
192 410 2.0
199 3222 2.0
201 2541 2.0
217 3913 2.0
220 1324 2.0
225 4485 2.0
236 4391 2.0
254 958 2.0
281 2507 2.0
285 3860 2.0
311 314 2.0
333 1242 2.0
338 3260 2.0
341 3862 2.0
353 3925 2.0
360 1915 2.0
381 2038 2.0
396 4301 2.0
408 1542 2.0
412 4808 2.0
424 3060 2.0
457 1114 2.0
458 1732 2.0
467 766 2.0
486 980 2.0
494 1792 2.0
522 1331 2.0
529 714 2.0
535 3768 2.0
538 539 2.0
541 2430 2.0
553 1216 2.0
556 4105 2.0
558 1067 2.0
563 3660 2.0
567 1706 2.0
578 3996 2.0
603 725 2.0
617 3853 2.0
625 1509 2.0
626 4780 2.0
641 3013 2.0
650 4702 2.0
661 3034 2.0
667 1101 2.0
675 2250 2.0
677 4357 2.0
705 3856 2.0
710 2567 2.0
737 1397 2.0
738 1807 2.0
750 1159 2.0
751 2950 2.0
756 4773 2.0
761 2380 2.0
775 4471 2.0
787 803 2.0
814 3434 2.0
829 2430 2.0
831 3926 2.0
855 3462 2.0
874 4580 2.0
878 2040 2.0
889 2666 2.0
902 2165 2.0
903 3245 2.0
910 3492 2.0
916 2947 2.0
924 1862 2.0
926 1635 2.0
1027 3698 2.0
1028 3273 2.0
1044 4170 2.0
1049 4608 2.0
1058 4457 2.0
1059 3060 2.0
1059 4431 2.0
1059 4582 2.0
1064 3633 2.0
1067 1068 2.0
1088 3232 2.0
1102 2411 2.0
1127 1149 2.0
1133 2360 2.0
1138 2304 2.0
1141 4567 2.0
1144 3588 2.0
1149 2557 2.0
1177 1911 2.0
1182 3583 2.0
1186 1190 2.0
1195 2009 2.0
1195 4807 2.0
1198 2899 2.0
1201 4163 2.0
1220 4752 2.0
1235 2383 2.0
1258 2582 2.0
1283 2046 2.0
1333 1824 2.0
1341 4693 2.0
1360 4742 2.0
1374 4168 2.0
1436 3501 2.0
1458 3943 2.0
1490 2734 2.0
1492 2651 2.0
1514 1640 2.0
1517 1613 2.0
1552 2110 2.0
1554 2368 2.0
1554 3840 2.0
1571 3038 2.0
1576 3622 2.0
1627 1630 2.0
1636 2292 2.0
1642 4204 2.0
1704 3112 2.0
1709 3182 2.0
1723 4797 2.0
1734 2254 2.0
1770 2627 2.0
1783 2829 2.0
1803 4706 2.0
1828 2998 2.0
1902 1903 2.0
1904 3678 2.0
1919 4442 2.0
1932 4474 2.0
1941 4825 2.0
1953 4495 2.0
1974 2506 2.0
1974 2816 2.0
2017 2792 2.0
2018 4298 2.0
2134 2145 2.0
2154 2562 2.0
2157 2636 2.0
2212 3520 2.0
2222 4039 2.0
2228 2471 2.0
2248 2249 2.0
2274 3022 2.0
2295 3601 2.0
2335 2920 2.0
2350 3757 2.0
2354 2886 2.0
2394 2931 2.0
2406 3763 2.0
2415 2771 2.0
2442 3574 2.0
2477 4836 2.0
2489 4141 2.0
2508 4211 2.0
2540 2541 2.0
2581 3672 2.0
2599 3845 2.0
2610 3625 2.0
2630 4371 2.0
2633 4047 2.0
2642 3924 2.0
2649 4633 2.0
2654 3361 2.0
2661 3016 2.0
2667 3895 2.0
2670 4035 2.0
2693 3918 2.0
2694 3475 2.0
2695 3934 2.0
2732 4346 2.0
2740 4455 2.0
2744 3901 2.0
2758 3485 2.0
2774 4482 2.0
2777 3730 2.0
2817 3913 2.0
2827 4299 2.0
2841 4282 2.0
2852 3213 2.0
2859 3501 2.0
2864 3124 2.0
2928 3434 2.0
2937 4529 2.0
2973 3082 2.0
3023 4000 2.0
3033 3519 2.0
3052 3405 2.0
3052 4176 2.0
3056 3121 2.0
3085 3130 2.0
3105 4321 2.0
3107 4071 2.0
3219 4121 2.0
3269 4349 2.0
3313 4384 2.0
3349 4410 2.0
3391 4481 2.0
3416 3838 2.0
3481 4509 2.0
3511 4777 2.0
3520 4396 2.0
3550 4423 2.0
3671 4212 2.0
3727 4214 2.0
3818 4738 2.0
3932 3935 2.0
3971 4333 2.0
4077 4079 2.0
4152 4252 2.0
4299 4704 2.0
4310 4792 2.0
4387 4740 2.0
4531 4555 2.0
2 2910 3.0
2 4651 3.0
4 3571 3.0
6 2744 3.0
7 3887 3.0
10 558 3.0
13 4276 3.0
20 3504 3.0
25 4734 3.0
28 2356 3.0
32 4038 3.0
43 3183 3.0
63 4629 3.0
64 372 3.0
79 903 3.0
92 2705 3.0
94 3384 3.0
95 1440 3.0
103 2916 3.0
114 4217 3.0
117 124 3.0
130 1190 3.0
148 823 3.0
149 1449 3.0
149 2401 3.0
153 2634 3.0
163 3949 3.0
174 584 3.0
174 2642 3.0
176 4407 3.0
190 4653 3.0
201 230 3.0
201 3300 3.0
202 1185 3.0
213 4259 3.0
214 3017 3.0
215 2928 3.0
217 1838 3.0
218 759 3.0
222 3139 3.0
222 4805 3.0
223 754 3.0
227 3608 3.0
233 2817 3.0
239 3113 3.0
243 1661 3.0
248 803 3.0
249 668 3.0
250 2817 3.0
250 3368 3.0
253 3598 3.0
262 2357 3.0
268 676 3.0
282 2237 3.0
290 1467 3.0
295 3365 3.0
300 2577 3.0
300 4701 3.0
304 1327 3.0
314 917 3.0
318 3262 3.0
318 3872 3.0
319 1433 3.0
321 1865 3.0
327 855 3.0
330 1625 3.0
330 3839 3.0
340 1950 3.0
342 3227 3.0
344 1371 3.0
346 842 3.0
348 2784 3.0
353 2666 3.0
354 2955 3.0
361 2065 3.0
363 1471 3.0
369 3027 3.0
375 1246 3.0
393 2702 3.0
395 1297 3.0
396 1723 3.0
406 2286 3.0
414 2869 3.0
423 1688 3.0
432 1117 3.0
434 3329 3.0
434 4138 3.0
440 2965 3.0
450 2619 3.0
469 4673 3.0
478 1011 3.0
478 2648 3.0
482 2575 3.0
484 1933 3.0
498 2536 3.0
512 3566 3.0
514 2323 3.0
514 2669 3.0
516 4233 3.0
526 4381 3.0
531 2090 3.0
541 1135 3.0
543 4644 3.0
548 1214 3.0
565 648 3.0
573 942 3.0
583 3831 3.0
588 4039 3.0
600 2252 3.0
601 4799 3.0
604 2166 3.0
610 1906 3.0
618 4843 3.0
633 2193 3.0
633 3016 3.0
650 984 3.0
651 681 3.0
651 2111 3.0
651 4707 3.0
652 3579 3.0
654 980 3.0
654 3348 3.0
676 1026 3.0
679 3604 3.0
679 3918 3.0
681 2282 3.0
682 4286 3.0
700 3491 3.0
703 4656 3.0
728 1736 3.0
731 2386 3.0
735 2177 3.0
735 3296 3.0
737 3349 3.0
753 2656 3.0
757 961 3.0
761 4453 3.0
763 2796 3.0
770 2468 3.0
775 1923 3.0
800 4630 3.0
802 4335 3.0
805 3056 3.0
806 1747 3.0
809 4681 3.0
814 958 3.0
814 1724 3.0
824 3451 3.0
831 4611 3.0
836 1183 3.0
856 1868 3.0
864 2321 3.0
870 2293 3.0
870 2727 3.0
889 3946 3.0
895 1716 3.0
897 3646 3.0
938 4148 3.0
941 3295 3.0
951 4393 3.0
963 3926 3.0
970 3782 3.0
984 4010 3.0
987 3027 3.0
1011 3790 3.0
1026 1203 3.0
1036 2142 3.0
1044 4787 3.0
1047 1886 3.0
1051 1569 3.0
1053 3604 3.0
1054 1133 3.0
1060 4462 3.0
1080 3102 3.0
1082 1338 3.0
1095 2276 3.0
1099 2613 3.0
1113 4494 3.0
1119 4777 3.0
1122 1503 3.0
1123 4095 3.0
1128 1254 3.0
1130 2092 3.0
1135 3456 3.0
1167 1765 3.0
1167 4048 3.0
1171 2208 3.0
1178 2646 3.0
1182 4130 3.0
1186 3565 3.0
1197 2703 3.0
1197 3443 3.0
1201 3999 3.0
1205 2679 3.0
1206 2659 3.0
1219 2728 3.0
1248 1791 3.0
1251 2373 3.0
1251 4332 3.0
1260 3797 3.0
1270 4793 3.0
1279 2699 3.0
1324 3520 3.0
1326 3565 3.0
1326 3995 3.0
1349 4535 3.0
1353 3768 3.0
1354 1598 3.0
1370 4690 3.0
1385 2176 3.0
1393 1813 3.0
1396 4135 3.0
1416 1728 3.0
1417 3629 3.0
1430 1641 3.0
1432 4037 3.0
1434 2755 3.0
1436 3001 3.0
1439 1844 3.0
1440 3232 3.0
1443 2216 3.0
1449 2740 3.0
1450 4348 3.0
1461 4246 3.0
1477 2320 3.0
1492 1623 3.0
1493 2393 3.0
1497 4541 3.0
1501 3018 3.0
1523 3446 3.0
1528 1623 3.0
1528 3424 3.0
1529 3781 3.0
1530 2584 3.0
1556 4678 3.0
1592 2431 3.0
1595 4178 3.0
1606 3427 3.0
1615 2779 3.0
1625 3688 3.0
1632 1635 3.0
1632 1885 3.0
1659 2331 3.0
1670 2709 3.0
1673 3318 3.0
1690 1953 3.0
1737 4155 3.0
1758 2019 3.0
1798 1847 3.0
1804 4436 3.0
1811 3323 3.0
1815 2264 3.0
1829 3787 3.0
1851 2613 3.0
1879 4123 3.0
1883 4458 3.0
1902 3884 3.0
1904 4681 3.0
1910 3219 3.0
1910 4586 3.0
1913 2433 3.0
1924 1930 3.0
1929 2960 3.0
1942 2089 3.0
1946 3021 3.0
1952 3340 3.0
1952 4431 3.0
1964 2275 3.0
1971 2684 3.0
1981 4007 3.0
1986 4155 3.0
1987 3014 3.0
1991 2812 3.0
1992 2935 3.0
2021 3643 3.0
2052 3823 3.0
2087 3645 3.0
2100 2475 3.0
2111 2945 3.0
2127 4364 3.0
2128 4358 3.0
2141 2860 3.0
2142 3048 3.0
2155 3563 3.0
2156 4013 3.0
2192 2943 3.0
2204 2808 3.0
2204 2823 3.0
2205 4116 3.0
2208 2812 3.0
2213 3528 3.0
2261 3119 3.0
2270 4829 3.0
2301 2508 3.0
2330 4111 3.0
2340 4165 3.0
2352 4744 3.0
2362 3938 3.0
2363 3231 3.0
2393 4193 3.0
2415 3827 3.0
2422 4020 3.0
2442 4193 3.0
2451 3005 3.0
2476 3747 3.0
2490 3402 3.0
2509 4322 3.0
2525 4737 3.0
2538 2759 3.0
2576 2973 3.0
2585 3146 3.0
2588 3492 3.0
2614 3097 3.0
2642 4198 3.0
2647 3512 3.0
2660 3217 3.0
2669 4603 3.0
2670 3771 3.0
2671 4763 3.0
2673 4415 3.0
2673 4747 3.0
2694 4400 3.0
2711 3887 3.0
2733 3788 3.0
2776 4039 3.0
2829 3834 3.0
2840 4436 3.0
2862 3911 3.0
2879 3510 3.0
2924 3429 3.0
2962 4635 3.0
2964 3400 3.0
2982 4427 3.0
2988 4353 3.0
2999 4655 3.0
3026 4447 3.0
3027 4387 3.0
3074 3075 3.0
3125 3398 3.0
3134 3635 3.0
3134 4695 3.0
3171 3277 3.0
3229 3733 3.0
3233 4177 3.0
3242 3569 3.0
3317 3674 3.0
3320 3811 3.0
3430 3432 3.0
3466 3809 3.0
3469 3473 3.0
3481 3539 3.0
3487 4049 3.0
3556 3561 3.0
3568 4045 3.0
3586 4045 3.0
3600 4208 3.0
3645 4572 3.0
3673 4328 3.0
3676 4412 3.0
3685 3773 3.0
3725 4826 3.0
3756 3771 3.0
3787 4605 3.0
3790 4038 3.0
3864 4273 3.0
3874 4387 3.0
3881 4054 3.0
3904 4549 3.0
3914 4704 3.0
4037 4449 3.0
4049 4399 3.0
4081 4814 3.0
4126 4549 3.0
4150 4366 3.0
4168 4728 3.0
4170 4590 3.0
4305 4578 3.0
4417 4797 3.0
1 375 4.0
7 2103 4.0
11 1805 4.0
18 1076 4.0
28 3265 4.0
36 1580 4.0
38 950 4.0
40 1715 4.0
42 3017 4.0
54 978 4.0
54 2353 4.0
55 4829 4.0
57 4051 4.0
58 215 4.0
63 2955 4.0
68 1668 4.0
70 3591 4.0
72 4602 4.0
73 2476 4.0
73 3677 4.0
76 1562 4.0
86 1365 4.0
89 286 4.0
89 978 4.0
89 1353 4.0
93 2161 4.0
98 1568 4.0
98 4551 4.0
105 3671 4.0
107 767 4.0
112 2720 4.0
112 3646 4.0
113 2378 4.0
114 1015 4.0
127 4393 4.0
128 311 4.0
129 2269 4.0
140 3445 4.0
145 1736 4.0
161 2535 4.0
161 4692 4.0
162 484 4.0
163 2453 4.0
165 593 4.0
169 3045 4.0
173 4376 4.0
174 1614 4.0
174 4693 4.0
177 4673 4.0
181 3282 4.0
193 4034 4.0
195 3978 4.0
197 2408 4.0
200 4294 4.0
204 797 4.0
220 2107 4.0
220 2183 4.0
225 527 4.0
225 831 4.0
226 2969 4.0
237 1745 4.0
238 3558 4.0
241 3110 4.0
242 4440 4.0
249 3848 4.0
249 4335 4.0
251 1234 4.0
252 3373 4.0
253 1595 4.0
254 3710 4.0
262 3600 4.0
269 4059 4.0
275 3394 4.0
282 572 4.0
283 1848 4.0
286 4610 4.0
288 2094 4.0
288 3586 4.0
301 719 4.0
324 1576 4.0
324 1775 4.0
325 4263 4.0
327 1046 4.0
334 1314 4.0
343 4773 4.0
345 1202 4.0
351 3142 4.0
356 1246 4.0
356 1501 4.0
361 4235 4.0
369 3973 4.0
370 3107 4.0
371 3549 4.0
376 4631 4.0
380 736 4.0
380 1634 4.0
380 4223 4.0
383 527 4.0
389 1553 4.0
390 1132 4.0
394 2958 4.0
394 4425 4.0
396 748 4.0
399 2099 4.0
408 1834 4.0
414 2687 4.0
416 429 4.0
421 1068 4.0
421 3550 4.0
425 2158 4.0
434 438 4.0
434 2693 4.0
440 1025 4.0
447 3078 4.0
449 1224 4.0
454 3120 4.0
454 4556 4.0
457 1283 4.0
466 3868 4.0
477 1520 4.0
483 4029 4.0
485 546 4.0
486 1263 4.0
486 3834 4.0
487 2441 4.0
488 2494 4.0
489 3357 4.0
490 1916 4.0
496 3984 4.0
503 1184 4.0
503 3791 4.0
504 3030 4.0
510 1778 4.0
513 2549 4.0
516 2647 4.0
518 3484 4.0
519 3773 4.0
522 3168 4.0
525 3169 4.0
526 4244 4.0
527 3938 4.0
545 984 4.0
548 2293 4.0
549 1544 4.0
549 3486 4.0
555 3507 4.0
560 2136 4.0
563 862 4.0
563 2915 4.0
566 3105 4.0
568 2242 4.0
572 2557 4.0
573 3448 4.0
574 2128 4.0
574 2908 4.0
577 3104 4.0
583 1284 4.0
584 4774 4.0
597 4691 4.0
598 4525 4.0
599 1437 4.0
604 2785 4.0
607 3195 4.0
616 1866 4.0
625 2873 4.0
640 2044 4.0
641 2217 4.0
642 966 4.0
645 1193 4.0
646 3417 4.0
647 2248 4.0
650 948 4.0
657 940 4.0
662 4351 4.0
669 904 4.0
672 1543 4.0
677 1934 4.0
678 2223 4.0
681 3097 4.0
682 2510 4.0
685 841 4.0
690 1043 4.0
700 3831 4.0
701 3141 4.0
704 4616 4.0
707 1770 4.0
710 1643 4.0
713 2492 4.0
722 4565 4.0
730 1888 4.0
738 2420 4.0
746 4282 4.0
764 2845 4.0
766 954 4.0
768 3951 4.0
769 4102 4.0
774 4600 4.0
777 783 4.0
781 2862 4.0
781 3447 4.0
781 3561 4.0
784 3928 4.0
798 1094 4.0
798 4655 4.0
800 3073 4.0
801 2581 4.0
803 4347 4.0
807 1178 4.0
811 4365 4.0
814 3615 4.0
836 4327 4.0
848 3841 4.0
855 2339 4.0
856 3920 4.0
863 1774 4.0
870 1359 4.0
873 2513 4.0
876 3432 4.0
878 1169 4.0
878 2026 4.0
883 2264 4.0
890 3560 4.0
900 3885 4.0
907 3661 4.0
913 3923 4.0
922 2275 4.0
923 978 4.0
923 3045 4.0
938 4414 4.0
940 965 4.0
951 4410 4.0
953 3249 4.0
954 1962 4.0
961 1557 4.0
962 4546 4.0
965 1248 4.0
967 1765 4.0
970 1818 4.0
970 3262 4.0
977 2886 4.0
979 3746 4.0
987 4400 4.0
989 1332 4.0
990 3945 4.0
992 1773 4.0
994 2448 4.0
995 4107 4.0
1019 1198 4.0
1019 4679 4.0
1022 4422 4.0
1022 4429 4.0
1034 1306 4.0
1034 4655 4.0
1060 1471 4.0
1061 1248 4.0
1078 2344 4.0
1094 2127 4.0
1102 1708 4.0
1106 4539 4.0
1107 1115 4.0
1109 3716 4.0
1110 2897 4.0
1117 3401 4.0
1119 2333 4.0
1123 1349 4.0
1127 3670 4.0
1129 3028 4.0
1132 4671 4.0
1135 3340 4.0
1136 1141 4.0
1150 2287 4.0
1152 2534 4.0
1153 3135 4.0
1174 1231 4.0
1186 4692 4.0
1189 2350 4.0
1197 1988 4.0
1199 2680 4.0
1199 3599 4.0
1205 2772 4.0
1207 4098 4.0
1222 4716 4.0
1230 2907 4.0
1237 4180 4.0
1252 2558 4.0
1257 3846 4.0
1260 2811 4.0
1265 3782 4.0
1269 4142 4.0
1295 1381 4.0
1298 4006 4.0
1315 4362 4.0
1321 4605 4.0
1325 1856 4.0
1330 4290 4.0
1337 2059 4.0
1338 2054 4.0
1338 2474 4.0
1358 2062 4.0
1359 3157 4.0
1359 3344 4.0
1365 4741 4.0
1369 3817 4.0
1369 4347 4.0
1371 3092 4.0
1373 1503 4.0
1382 2838 4.0
1394 2259 4.0
1394 4576 4.0
1408 1654 4.0
1419 4672 4.0
1431 1993 4.0
1431 2548 4.0
1432 1823 4.0
1434 2464 4.0
1436 3571 4.0
1438 2620 4.0
1452 1564 4.0
1458 4707 4.0
1463 4070 4.0
1465 1493 4.0
1468 2156 4.0
1475 3086 4.0
1483 3050 4.0
1486 4830 4.0
1493 3236 4.0
1502 2651 4.0
1508 1818 4.0
1510 3025 4.0
1514 2379 4.0
1514 2824 4.0
1514 3169 4.0
1518 2476 4.0
1519 2706 4.0
1529 1923 4.0
1530 2515 4.0
1534 3820 4.0
1541 4082 4.0
1544 3740 4.0
1545 3285 4.0
1558 2580 4.0
1559 4620 4.0
1587 3167 4.0
1589 3966 4.0
1622 1992 4.0
1624 4053 4.0
1633 4187 4.0
1642 2421 4.0
1655 4201 4.0
1656 4048 4.0
1663 2143 4.0
1671 3510 4.0
1673 2427 4.0
1673 3279 4.0
1681 3284 4.0
1684 4318 4.0
1692 4766 4.0
1705 2478 4.0
1709 4730 4.0
1723 2073 4.0
1731 4449 4.0
1732 2282 4.0
1745 4308 4.0
1749 4632 4.0
1759 1994 4.0
1762 4514 4.0
1764 1782 4.0
1771 4054 4.0
1773 3563 4.0
1783 3597 4.0
1784 2320 4.0
1784 3756 4.0
1791 2953 4.0
1800 1822 4.0
1803 2495 4.0
1804 1861 4.0
1811 4060 4.0
1811 4459 4.0
1816 1932 4.0
1835 2353 4.0
1845 4442 4.0
1847 2371 4.0
1851 3430 4.0
1855 2684 4.0
1865 2947 4.0
1868 2208 4.0
1871 3587 4.0
1873 3211 4.0
1891 3725 4.0
1893 4441 4.0
1897 2623 4.0
1908 4305 4.0
1908 4377 4.0
1911 2249 4.0
1912 4788 4.0
1922 1932 4.0
1924 4330 4.0
1942 4532 4.0
1953 3891 4.0
1958 2061 4.0
1984 4699 4.0
1985 2380 4.0
1990 4598 4.0
1993 3075 4.0
2001 3655 4.0
2003 2824 4.0
2011 4240 4.0
2015 2297 4.0
2015 3092 4.0
2024 3372 4.0
2027 2440 4.0
2028 2460 4.0
2029 2490 4.0
2029 3125 4.0
2032 2042 4.0
2039 4287 4.0
2047 2399 4.0
2060 4233 4.0
2061 2427 4.0
2062 2437 4.0
2068 2424 4.0
2068 4814 4.0
2070 4533 4.0
2073 4298 4.0
2083 3601 4.0
2086 2543 4.0
2087 3919 4.0
2090 4321 4.0
2094 4106 4.0
2097 4073 4.0
2101 3944 4.0
2118 3178 4.0
2123 4375 4.0
2125 3392 4.0
2126 4074 4.0
2141 3713 4.0
2144 3603 4.0
2151 2306 4.0
2151 4601 4.0
2155 3557 4.0
2164 3076 4.0
2167 4179 4.0
2173 4084 4.0
2191 4715 4.0
2202 2543 4.0
2209 201 4.0
2209 3723 4.0
2209 3920 4.0
2210 3833 4.0
2211 2343 4.0
2214 4225 4.0
2224 4073 4.0
2230 4173 4.0
2231 4802 4.0
2238 2367 4.0
2242 3751 4.0
2266 3815 4.0
2268 2863 4.0
2284 2486 4.0
2293 4380 4.0
2296 4208 4.0
2336 2855 4.0
2344 3315 4.0
2346 3507 4.0
2347 3879 4.0
2359 3744 4.0
2366 3350 4.0
2366 4491 4.0
2383 3852 4.0
2393 3112 4.0
2393 4727 4.0
2404 2743 4.0
2405 2420 4.0
2408 2783 4.0
2425 3880 4.0
2431 4412 4.0
2432 4157 4.0
2438 4347 4.0
2445 3372 4.0
2452 2736 4.0
2453 4219 4.0
2458 2877 4.0
2471 4175 4.0
2473 3999 4.0
2474 2648 4.0
2500 2655 4.0
2504 3433 4.0
2504 4138 4.0
2504 4659 4.0
2518 3455 4.0
2525 3352 4.0
2543 3802 4.0
2562 4117 4.0
2565 2716 4.0
2585 4414 4.0
2590 4738 4.0
2597 4160 4.0
2599 3324 4.0
2599 4082 4.0
2601 2603 4.0
2608 2644 4.0
2608 2680 4.0
2625 4761 4.0
2657 4292 4.0
2665 4405 4.0
2668 4177 4.0
2734 3981 4.0
2736 4620 4.0
2747 3899 4.0
2756 4042 4.0
2758 3721 4.0
2765 3234 4.0
2775 3123 4.0
2784 3371 4.0
2803 4358 4.0
2813 3168 4.0
2814 3461 4.0
2820 2836 4.0
2826 3847 4.0
2837 3073 4.0
2842 3531 4.0
2861 4668 4.0
2870 3689 4.0
2899 3846 4.0
2909 3191 4.0
2914 3099 4.0
2935 3613 4.0
2935 4505 4.0
2954 3899 4.0
2974 4051 4.0
2978 4704 4.0
2995 4735 4.0
2996 4227 4.0
3011 4085 4.0
3034 3492 4.0
3045 3206 4.0
3046 3814 4.0
3048 3452 4.0
3051 3936 4.0
3055 3392 4.0
3110 4456 4.0
3118 3705 4.0
3138 3921 4.0
3146 4709 4.0
3167 4303 4.0
3174 3788 4.0
3179 3862 4.0
3196 3929 4.0
3204 4555 4.0
3219 3825 4.0
3220 3754 4.0
3226 3235 4.0
3233 3718 4.0
3265 4739 4.0
3270 4745 4.0
3273 3571 4.0
3300 4166 4.0
3302 4351 4.0
3310 3598 4.0
3313 3655 4.0
3342 3909 4.0
3345 4115 4.0
3369 4345 4.0
3391 4092 4.0
3404 4281 4.0
3450 3452 4.0
3454 4370 4.0
3461 4602 4.0
3465 3951 4.0
3466 4520 4.0
3476 4609 4.0
3480 4250 4.0
3489 3890 4.0
3491 3843 4.0
3542 3681 4.0
3554 4829 4.0
3556 3574 4.0
3568 3677 4.0
3569 4096 4.0
3597 4435 4.0
3648 3992 4.0
3654 4074 4.0
3659 4639 4.0
3662 4789 4.0
3669 4399 4.0
3672 3778 4.0
3710 4166 4.0
3721 3978 4.0
3732 4072 4.0
3810 4465 4.0
3833 4286 4.0
3887 4366 4.0
3898 4128 4.0
3901 4697 4.0
3963 4759 4.0
3966 4004 4.0
3995 4455 4.0
4013 4552 4.0
4048 4050 4.0
4063 4381 4.0
4123 4157 4.0
4175 4425 4.0
4193 4682 4.0
4286 4289 4.0
4392 4399 4.0
4465 4762 4.0
4549 4600 4.0
5 4506 5.0
6 2502 5.0
9 656 5.0
18 2509 5.0
21 3215 5.0
24 1935 5.0
25 4092 5.0
26 3536 5.0
27 1582 5.0
29 1085 5.0
30 758 5.0
32 1140 5.0
33 548 5.0
35 4652 5.0
36 334 5.0
36 2321 5.0
37 3120 5.0
38 1330 5.0
39 4462 5.0
42 396 5.0
45 3028 5.0
48 970 5.0
51 4232 5.0
57 363 5.0
58 4177 5.0
60 4436 5.0
61 3915 5.0
65 4773 5.0
67 485 5.0
70 691 5.0
72 603 5.0
85 920 5.0
85 3301 5.0
88 2023 5.0
89 130 5.0
92 258 5.0
95 639 5.0
96 2707 5.0
101 3122 5.0
102 3743 5.0
103 123 5.0
104 1318 5.0
105 4794 5.0
105 4818 5.0
110 1225 5.0
110 3341 5.0
117 1284 5.0
119 860 5.0
122 2679 5.0
122 3197 5.0
133 1398 5.0
135 2703 5.0
138 2487 5.0
142 2064 5.0
143 1941 5.0
145 2498 5.0
152 4130 5.0
157 1786 5.0
157 4522 5.0
162 3145 5.0
163 1119 5.0
165 1296 5.0
167 3453 5.0
169 4219 5.0
175 3582 5.0
178 2207 5.0
194 4645 5.0
200 1514 5.0
213 214 5.0
214 801 5.0
221 2472 5.0
229 2098 5.0
232 688 5.0
232 4281 5.0
237 1195 5.0
254 3043 5.0
258 1191 5.0
269 1791 5.0
272 1741 5.0
273 4136 5.0
276 952 5.0
277 738 5.0
279 3912 5.0
283 563 5.0
288 1005 5.0
298 3091 5.0
307 3311 5.0
310 972 5.0
311 1211 5.0
313 1655 5.0
317 1056 5.0
323 343 5.0
327 3342 5.0
334 344 5.0
334 2982 5.0
341 1340 5.0
345 4197 5.0
346 439 5.0
351 3737 5.0
355 629 5.0
355 4419 5.0
360 3400 5.0
361 380 5.0
364 2236 5.0
365 3203 5.0
366 1415 5.0
372 1788 5.0
380 1111 5.0
391 4206 5.0
392 1036 5.0
401 3454 5.0
402 3993 5.0
406 3355 5.0
407 2330 5.0
410 4451 5.0
419 2169 5.0
425 2019 5.0
428 635 5.0
428 3473 5.0
428 4717 5.0
431 3643 5.0
433 2963 5.0
441 535 5.0
444 1298 5.0
444 2210 5.0
444 3642 5.0
447 1582 5.0
448 4654 5.0
459 4785 5.0
460 967 5.0
460 2163 5.0
465 1447 5.0
469 3395 5.0
469 3970 5.0
473 1665 5.0
489 932 5.0
492 4521 5.0
493 2269 5.0
494 4127 5.0
498 722 5.0
498 889 5.0
499 3286 5.0
502 4103 5.0
503 1488 5.0
504 1922 5.0
522 4709 5.0
525 4539 5.0
531 4259 5.0
540 871 5.0
543 4735 5.0
547 2163 5.0
547 4647 5.0
552 1336 5.0
553 1325 5.0
563 575 5.0
564 2228 5.0
564 3930 5.0
565 1019 5.0
572 1049 5.0
578 3466 5.0
585 2639 5.0
587 1339 5.0
588 1864 5.0
594 2001 5.0
598 4570 5.0
600 3685 5.0
601 2598 5.0
611 3535 5.0
612 1060 5.0
616 3648 5.0
622 2764 5.0
624 2873 5.0
624 4557 5.0
636 659 5.0
641 1961 5.0
658 2422 5.0
660 2388 5.0
661 4421 5.0
665 4020 5.0
665 4125 5.0
677 4632 5.0
679 2268 5.0
680 3294 5.0
683 1070 5.0
691 944 5.0
693 3188 5.0
698 3486 5.0
707 2669 5.0
713 2485 5.0
731 937 5.0
732 4055 5.0
733 1005 5.0
745 749 5.0
746 4235 5.0
750 2967 5.0
761 1009 5.0
770 3373 5.0
778 2630 5.0
781 845 5.0
782 4145 5.0
783 3290 5.0
784 967 5.0
792 2594 5.0
802 2984 5.0
810 1900 5.0
818 4311 5.0
819 3259 5.0
835 1175 5.0
836 2321 5.0
853 1007 5.0
864 4732 5.0
867 4624 5.0
869 1382 5.0
869 3543 5.0
871 2548 5.0
874 1022 5.0
878 3828 5.0
884 1298 5.0
884 2461 5.0
887 4193 5.0
887 4831 5.0
890 2316 5.0
894 1851 5.0
900 1407 5.0
903 4624 5.0
904 4641 5.0
912 1192 5.0
912 1321 5.0
913 2056 5.0
913 3744 5.0
915 1586 5.0
924 2794 5.0
925 4021 5.0
927 2335 5.0
927 4433 5.0
929 1767 5.0
943 1485 5.0
956 4242 5.0
959 1566 5.0
963 2570 5.0
972 2592 5.0
973 2367 5.0
976 1068 5.0
976 4060 5.0
979 3542 5.0
986 4341 5.0
989 2869 5.0
994 2688 5.0
996 2721 5.0
997 1165 5.0
1000 1763 5.0
1004 4048 5.0
1004 4720 5.0
1005 3480 5.0
1015 3894 5.0
1020 2852 5.0
1027 4712 5.0
1033 2638 5.0
1058 4350 5.0
1058 4516 5.0
1061 4347 5.0
1061 4734 5.0
1074 1133 5.0
1079 2896 5.0
1080 2705 5.0
1083 1528 5.0
1097 4749 5.0
1107 2703 5.0
1108 3152 5.0
1109 4801 5.0
1116 3972 5.0
1120 3959 5.0
1122 4005 5.0
1123 2350 5.0
1127 3915 5.0
1130 2559 5.0
1139 2452 5.0
1144 1416 5.0
1144 1532 5.0
1145 2449 5.0
1147 2549 5.0
1158 4268 5.0
1160 1779 5.0
1169 3573 5.0
1175 1551 5.0
1176 2478 5.0
1176 3023 5.0
1180 3172 5.0
1183 1826 5.0
1186 4336 5.0
1187 3332 5.0
1188 2507 5.0
1191 1341 5.0
1198 2129 5.0
1202 2124 5.0
1209 3694 5.0
1216 3915 5.0
1219 3798 5.0
1220 3704 5.0
1230 2332 5.0
1231 3338 5.0
1232 3953 5.0
1233 1406 5.0
1237 2891 5.0
1240 4122 5.0
1251 4622 5.0
1259 2523 5.0
1266 2018 5.0
1269 3489 5.0
1273 3007 5.0
1282 1739 5.0
1284 4359 5.0
1290 1486 5.0
1296 3416 5.0
1296 3653 5.0
1303 3449 5.0
1313 1704 5.0
1313 4774 5.0
1318 4726 5.0
1322 3693 5.0
1325 3732 5.0
1326 1380 5.0
1332 1925 5.0
1337 4818 5.0
1346 4163 5.0
1348 2173 5.0
1349 3407 5.0
1373 2155 5.0
1374 2058 5.0
1382 4354 5.0
1386 2465 5.0
1386 2574 5.0
1388 3496 5.0
1389 1948 5.0
1391 2524 5.0
1398 2305 5.0
1405 1907 5.0
1406 3497 5.0
1409 3427 5.0
1411 2535 5.0
1416 1500 5.0
1420 3144 5.0
1420 3176 5.0
1422 4565 5.0
1442 2597 5.0
1442 4728 5.0
1444 4539 5.0
1445 3742 5.0
1450 1739 5.0
1463 3611 5.0
1473 1765 5.0
1475 1749 5.0
1479 3014 5.0
1480 4032 5.0
1484 2364 5.0
1484 3692 5.0
1500 3864 5.0
1506 1620 5.0
1517 2903 5.0
1520 3955 5.0
1534 3516 5.0
1541 2405 5.0
1548 2553 5.0
1550 4725 5.0
1553 4707 5.0
1555 2685 5.0
1555 3026 5.0
1572 2624 5.0
1576 4118 5.0
1581 4552 5.0
1584 3237 5.0
1593 1842 5.0
1597 3632 5.0
1598 4467 5.0
1599 4634 5.0
1603 4208 5.0
1620 2896 5.0
1622 2897 5.0
1625 2998 5.0
1628 4445 5.0
1628 4498 5.0
1632 3712 5.0
1633 3578 5.0
1650 4042 5.0
1658 2750 5.0
1669 3555 5.0
1675 4193 5.0
1676 2400 5.0
1700 2944 5.0
1702 3866 5.0
1703 3277 5.0
1709 4501 5.0
1712 3829 5.0
1713 2921 5.0
1716 2512 5.0
1720 3812 5.0
1723 2961 5.0
1730 2560 5.0
1745 1937 5.0
1745 4664 5.0
1763 2762 5.0
1772 4243 5.0
1772 4319 5.0
1775 3398 5.0
1784 2536 5.0
1786 3599 5.0
1797 4403 5.0
1803 3459 5.0
1821 2498 5.0
1839 3658 5.0
1840 2578 5.0
1842 2142 5.0
1845 4564 5.0
1859 3583 5.0
1874 2636 5.0
1881 4596 5.0
1891 2166 5.0
1891 4765 5.0
1893 3839 5.0
1901 2218 5.0
1908 3061 5.0
1916 2303 5.0
1920 3364 5.0
1930 3723 5.0
1937 4564 5.0
1948 4470 5.0
1950 4508 5.0
1954 3744 5.0
1955 2051 5.0
1961 2939 5.0
1973 3573 5.0
1985 2173 5.0
1989 3913 5.0
1995 3813 5.0
1998 2081 5.0
2001 4660 5.0
2004 2815 5.0
2019 4574 5.0
2022 4620 5.0
2025 3906 5.0
2028 3642 5.0
2034 3736 5.0
2047 2096 5.0
2053 2523 5.0
2060 2208 5.0
2061 2530 5.0
2061 2841 5.0
2064 4592 5.0
2065 3006 5.0
2068 2272 5.0
2070 2996 5.0
2079 2406 5.0
2083 4212 5.0
2088 4821 5.0
2090 3952 5.0
2101 4689 5.0
2129 2260 5.0
2134 2137 5.0
2134 2385 5.0
2141 4127 5.0
2141 4533 5.0
2144 3850 5.0
2149 3796 5.0
2150 3005 5.0
2157 4110 5.0
2174 3530 5.0
2175 2729 5.0
2175 3328 5.0
2186 4248 5.0
2188 3420 5.0
2191 4600 5.0
2192 3707 5.0
2204 3536 5.0
2205 2503 5.0
2214 3874 5.0
2228 3504 5.0
2248 3397 5.0
2252 2903 5.0
2257 2518 5.0
2262 3584 5.0
2268 4404 5.0
2276 3066 5.0
2278 3704 5.0
2278 4767 5.0
2286 3571 5.0
2294 4819 5.0
2314 3427 5.0
2317 3952 5.0
2322 3125 5.0
2325 3294 5.0
2342 2847 5.0
2364 3468 5.0
2364 4574 5.0
2384 4748 5.0
2387 4344 5.0
2399 4250 5.0
2417 4114 5.0
2424 3346 5.0
2438 4801 5.0
2446 4768 5.0
2448 3756 5.0
2448 3780 5.0
2450 3287 5.0
2451 3478 5.0
2460 2754 5.0
2463 3268 5.0
2463 4217 5.0
2473 4118 5.0
2488 3922 5.0
2493 3067 5.0
2494 4584 5.0
2505 2891 5.0
2512 4500 5.0
2553 4215 5.0
2567 4409 5.0
2568 3654 5.0
2576 3923 5.0
2600 4612 5.0
2607 3793 5.0
2609 2822 5.0
2660 2962 5.0
2707 4802 5.0
2715 3604 5.0
2717 4684 5.0
2734 3031 5.0
2738 3159 5.0
2742 4479 5.0
2749 3959 5.0
2752 4823 5.0
2762 4086 5.0
2764 3978 5.0
2777 2935 5.0
2804 3578 5.0
2811 3096 5.0
2819 4615 5.0
2821 3671 5.0
2830 3321 5.0
2835 3769 5.0
2842 2988 5.0
2849 4139 5.0
2856 2944 5.0
2857 3388 5.0
2862 3601 5.0
2879 3330 5.0
2906 4063 5.0
2937 2941 5.0
2952 3154 5.0
2954 4080 5.0
2980 4259 5.0
2989 4340 5.0
3007 3966 5.0
3037 3859 5.0
3046 3977 5.0
3071 4580 5.0
3072 3896 5.0
3085 3380 5.0
3118 4025 5.0
3121 3333 5.0
3135 3611 5.0
3138 4382 5.0
3144 3897 5.0
3159 3910 5.0
3173 4332 5.0
3177 4607 5.0
3177 4837 5.0
3197 3200 5.0
3206 3816 5.0
3210 3979 5.0
3214 3488 5.0
3222 3285 5.0
3237 3487 5.0
3257 4466 5.0
3270 4155 5.0
3281 3306 5.0
3287 4731 5.0
3299 4467 5.0
3307 4597 5.0
3350 4799 5.0
3353 3688 5.0
3391 4722 5.0
3394 4313 5.0
3400 3760 5.0
3403 3624 5.0
3424 4646 5.0
3437 3769 5.0
3442 4813 5.0
3464 4240 5.0
3516 4115 5.0
3522 3873 5.0
3533 4541 5.0
3536 3643 5.0
3580 4803 5.0
3581 3741 5.0
3583 4424 5.0
3590 3849 5.0
3642 3870 5.0
3642 4179 5.0
3667 4660 5.0
3671 3838 5.0
3675 4090 5.0
3682 3930 5.0
3720 4825 5.0
3733 3754 5.0
3738 4525 5.0
3740 3957 5.0
3745 4119 5.0
3751 4453 5.0
3760 4753 5.0
3798 4767 5.0
3799 4313 5.0
3808 4004 5.0
3821 4725 5.0
3839 3960 5.0
3865 4796 5.0
3885 4212 5.0
3886 4746 5.0
3900 4397 5.0
3907 3956 5.0
3948 4786 5.0
3973 4649 5.0
4006 4089 5.0
4045 4122 5.0
4084 4656 5.0
4089 4724 5.0
4118 4628 5.0
4169 4183 5.0
4192 4256 5.0
4261 4336 5.0
4314 4581 5.0
4401 4439 5.0
4407 4223 5.0
4520 4617 5.0
4550 4816 5.0
4571 4626 5.0
4616 4630 5.0
4635 4738 5.0
4659 4806 5.0
4767 4777 5.0
4842 2693 5.0
2 2801 6.0
3 63 6.0
3 2103 6.0
6 3285 6.0
10 3116 6.0
11 2917 6.0
13 2672 6.0
14 4502 6.0
15 707 6.0
16 1006 6.0
20 1046 6.0
24 3866 6.0
27 577 6.0
29 1113 6.0
29 2789 6.0
37 2357 6.0
43 1671 6.0
47 2439 6.0
48 1239 6.0
49 1361 6.0
49 1595 6.0
59 2674 6.0
60 4017 6.0
60 4326 6.0
68 384 6.0
68 926 6.0
70 609 6.0
76 2774 6.0
81 347 6.0
82 133 6.0
83 3989 6.0
90 1524 6.0
93 581 6.0
99 2551 6.0
100 3029 6.0
102 2708 6.0
105 1413 6.0
106 1185 6.0
107 3114 6.0
110 2053 6.0
111 4021 6.0
112 4601 6.0
114 701 6.0
114 2617 6.0
118 3184 6.0
122 1785 6.0
128 3155 6.0
129 3000 6.0
132 993 6.0
132 3357 6.0
138 1718 6.0
142 2726 6.0
146 824 6.0
148 1261 6.0
159 4131 6.0
170 1826 6.0
170 4188 6.0
173 211 6.0
178 1906 6.0
182 279 6.0
182 3735 6.0
184 3835 6.0
190 1550 6.0
195 1497 6.0
207 4514 6.0
209 4228 6.0
213 411 6.0
213 1582 6.0
224 4477 6.0
226 2176 6.0
228 4366 6.0
228 4613 6.0
236 4832 6.0
238 4199 6.0
239 427 6.0
239 3939 6.0
239 4296 6.0
245 2298 6.0
247 3006 6.0
251 1412 6.0
251 2470 6.0
251 3278 6.0
252 1990 6.0
255 3958 6.0
260 982 6.0
260 2799 6.0
266 2021 6.0
266 4750 6.0
268 2115 6.0
268 3881 6.0
270 3971 6.0
275 1314 6.0
275 2859 6.0
277 871 6.0
277 2749 6.0
278 2188 6.0
283 1264 6.0
283 3122 6.0
285 2259 6.0
287 2411 6.0
291 3916 6.0
293 4663 6.0
298 2236 6.0
301 1019 6.0
302 2225 6.0
303 2233 6.0
304 4699 6.0
309 2784 6.0
309 3595 6.0
310 1828 6.0
311 2361 6.0
313 2096 6.0
314 4414 6.0
319 1516 6.0
323 3769 6.0
328 4226 6.0
333 726 6.0
333 728 6.0
342 4628 6.0
343 3379 6.0
351 495 6.0
353 828 6.0
353 2993 6.0
355 2908 6.0
357 2853 6.0
359 3818 6.0
368 2656 6.0
378 3774 6.0
382 2425 6.0
387 3442 6.0
392 3116 6.0
393 3197 6.0
394 2403 6.0
399 1530 6.0
402 4739 6.0
406 3753 6.0
409 2138 6.0
409 4646 6.0
426 2449 6.0
445 936 6.0
450 1892 6.0
454 4618 6.0
456 4830 6.0
458 728 6.0
459 1192 6.0
459 1515 6.0
463 613 6.0
465 3843 6.0
485 568 6.0
485 1513 6.0
489 1350 6.0
489 2798 6.0
493 4018 6.0
496 1024 6.0
498 3667 6.0
500 1283 6.0
500 3208 6.0
508 2722 6.0
511 634 6.0
513 1207 6.0
515 2355 6.0
515 2858 6.0
520 3126 6.0
522 1199 6.0
523 2674 6.0
530 1787 6.0
530 2245 6.0
530 4087 6.0
531 3289 6.0
533 3961 6.0
534 2105 6.0
536 3261 6.0
537 4297 6.0
545 571 6.0
547 2614 6.0
550 2153 6.0
551 733 6.0
551 3220 6.0
557 3163 6.0
566 3887 6.0
574 3829 6.0
576 1176 6.0
582 4683 6.0
584 2980 6.0
593 4271 6.0
604 2315 6.0
607 4703 6.0
612 705 6.0
613 1431 6.0
613 1935 6.0
614 1452 6.0
616 3707 6.0
625 4246 6.0
626 2212 6.0
628 2904 6.0
637 1016 6.0
646 3274 6.0
649 2177 6.0
649 2532 6.0
649 4703 6.0
657 936 6.0
662 2124 6.0
666 1737 6.0
672 1412 6.0
675 2516 6.0
684 4834 6.0
686 1902 6.0
686 3180 6.0
686 3354 6.0
690 4003 6.0
691 3248 6.0
694 2658 6.0
703 4081 6.0
704 4793 6.0
705 4478 6.0
706 2126 6.0
706 2349 6.0
709 4569 6.0
710 4587 6.0
715 1435 6.0
716 4537 6.0
718 3819 6.0
718 3824 6.0
719 4554 6.0
724 4613 6.0
729 2293 6.0
732 2468 6.0
734 2464 6.0
741 2626 6.0
742 1573 6.0
743 759 6.0
747 1027 6.0
767 1003 6.0
769 4726 6.0
772 4022 6.0
783 2153 6.0
783 4445 6.0
788 3877 6.0
793 1380 6.0
798 2860 6.0
800 2401 6.0
807 4226 6.0
819 2944 6.0
834 2069 6.0
849 1271 6.0
863 913 6.0
864 1091 6.0
872 2970 6.0
876 1110 6.0
880 901 6.0
883 2973 6.0
892 939 6.0
892 4372 6.0
903 1997 6.0
910 3184 6.0
913 2020 6.0
915 4624 6.0
929 3867 6.0
929 4050 6.0
934 3592 6.0
938 4392 6.0
941 4650 6.0
944 1862 6.0
950 3223 6.0
961 4497 6.0
968 2801 6.0
968 4809 6.0
971 4566 6.0
973 2993 6.0
1003 1816 6.0
1005 2866 6.0
1010 2927 6.0
1012 1618 6.0
1012 1633 6.0
1014 1798 6.0
1020 3822 6.0
1029 1830 6.0
1036 2289 6.0
1036 2891 6.0
1039 2691 6.0
1041 2184 6.0
1045 1785 6.0
1053 220 6.0
1055 1299 6.0
1058 3690 6.0
1074 1389 6.0
1074 4355 6.0
1078 4085 6.0
1079 2658 6.0
1080 1533 6.0
1083 4227 6.0
1089 4408 6.0
1091 4650 6.0
1095 3077 6.0
1100 3116 6.0
1110 1634 6.0
1112 4526 6.0
1126 2649 6.0
1128 3023 6.0
1129 2217 6.0
1137 4284 6.0
1142 3172 6.0
1145 4744 6.0
1148 1280 6.0
1150 3418 6.0
1151 4641 6.0
1152 1899 6.0
1152 2435 6.0
1159 4829 6.0
1169 1426 6.0
1178 3976 6.0
1181 4302 6.0
1183 4186 6.0
1189 4527 6.0
1194 1977 6.0
1197 4065 6.0
1210 2737 6.0
1210 2938 6.0
1225 4805 6.0
1226 2644 6.0
1235 1167 6.0
1244 1595 6.0
1257 4087 6.0
1259 3274 6.0
1265 1439 6.0
1274 3650 6.0
1280 1864 6.0
1285 2502 6.0
1289 1661 6.0
1292 2989 6.0
1295 1907 6.0
1299 2161 6.0
1301 4158 6.0
1302 2164 6.0
1303 2348 6.0
1305 2342 6.0
1308 2400 6.0
1319 4334 6.0
1328 1346 6.0
1330 2374 6.0
1346 2616 6.0
1361 4803 6.0
1363 3540 6.0
1374 1448 6.0
1375 4175 6.0
1375 4186 6.0
1392 2326 6.0
1394 3504 6.0
1397 1123 6.0
1403 4210 6.0
1406 2076 6.0
1411 1419 6.0
1416 2449 6.0
1424 1801 6.0
1424 2662 6.0
1431 1934 6.0
1435 2925 6.0
1435 3702 6.0
1439 4283 6.0
1440 1964 6.0
1447 4131 6.0
1458 1465 6.0
1460 4084 6.0
1469 2816 6.0
1472 2685 6.0
1473 2684 6.0
1481 2815 6.0
1488 3179 6.0
1494 4540 6.0
1520 2809 6.0
1529 3981 6.0
1535 4103 6.0
1555 2309 6.0
1558 4717 6.0
1559 3072 6.0
1561 1676 6.0
1561 3508 6.0
1570 4565 6.0
1571 4129 6.0
1576 1583 6.0
1594 1601 6.0
1596 2692 6.0
1600 3367 6.0
1602 2738 6.0
1605 2898 6.0
1605 3517 6.0
1615 2949 6.0
1618 2148 6.0
1619 4539 6.0
1624 1816 6.0
1627 2357 6.0
1631 3320 6.0
1635 2674 6.0
1641 4731 6.0
1657 2851 6.0
1658 2202 6.0
1659 2022 6.0
1659 2798 6.0
1663 1973 6.0
1674 3589 6.0
1679 3160 6.0
1681 2010 6.0
1683 3390 6.0
1693 1875 6.0
1693 4496 6.0
1698 4626 6.0
1699 3927 6.0
1715 4611 6.0
1726 2479 6.0
1740 2910 6.0
1742 2058 6.0
1746 2255 6.0
1747 2031 6.0
1748 3563 6.0
1757 2881 6.0
1772 1956 6.0
1774 2385 6.0
1783 4634 6.0
1790 4772 6.0
1797 2539 6.0
1797 3786 6.0
1801 3581 6.0
1807 3355 6.0
1815 3370 6.0
1816 4013 6.0
1817 3483 6.0
1828 2322 6.0
1834 3218 6.0
1841 2671 6.0
1844 2823 6.0
1850 4836 6.0
1852 2273 6.0
1861 3541 6.0
1864 2220 6.0
1870 2320 6.0
1873 1996 6.0
1873 2285 6.0
1874 2624 6.0
1880 2910 6.0
1880 3695 6.0
1892 3254 6.0
1893 2231 6.0
1896 2682 6.0
1897 3025 6.0
1918 3783 6.0
1920 2819 6.0
1922 4801 6.0
1929 3290 6.0
1930 3389 6.0
1936 3313 6.0
1942 3848 6.0
1950 4581 6.0
1967 3162 6.0
1969 4634 6.0
1973 3533 6.0
1973 3935 6.0
1979 4011 6.0
1987 2573 6.0
1995 3603 6.0
1995 3816 6.0
1997 4573 6.0
2026 3432 6.0
2031 4423 6.0
2032 2160 6.0
2037 3774 6.0
2038 2189 6.0
2045 2386 6.0
2047 2605 6.0
2047 3082 6.0
2048 2545 6.0
2052 4756 6.0
2057 2179 6.0
2059 4234 6.0
2085 3984 6.0
2097 3024 6.0
2105 4543 6.0
2106 4091 6.0
2117 4171 6.0
2122 3215 6.0
2151 4524 6.0
2157 3713 6.0
2166 4842 6.0
2167 4234 6.0
2182 2649 6.0
2182 3346 6.0
2184 3052 6.0
2186 2944 6.0
2187 4395 6.0
2206 987 6.0
2224 4099 6.0
2225 4076 6.0
2243 2984 6.0
2256 3566 6.0
2262 2278 6.0
2275 4229 6.0
2284 4331 6.0
2287 3512 6.0
2294 3088 6.0
2304 3905 6.0
2323 4268 6.0
2324 3736 6.0
2324 4492 6.0
2334 2633 6.0
2334 4710 6.0
2336 3087 6.0
2341 4379 6.0
2346 3506 6.0
2382 4071 6.0
2389 4476 6.0
2390 3698 6.0
2392 4323 6.0
2407 3739 6.0
2408 4658 6.0
2421 3264 6.0
2429 3685 6.0
2435 3397 6.0
2449 4159 6.0
2450 4320 6.0
2454 4251 6.0
2459 2737 6.0
2463 3795 6.0
2466 2846 6.0
2475 3289 6.0
2485 4307 6.0
2488 3337 6.0
2489 3540 6.0
2490 2826 6.0
2496 4182 6.0
2519 2814 6.0
2522 3020 6.0
2532 2615 6.0
2556 4210 6.0
2579 2809 6.0
2583 3656 6.0
2605 2941 6.0
2615 4329 6.0
2620 4353 6.0
2634 4771 6.0
2640 2915 6.0
2644 3702 6.0
2679 2714 6.0
2684 3406 6.0
2687 3341 6.0
2696 3132 6.0
2698 3987 6.0
2703 3124 6.0
2707 3199 6.0
2726 3826 6.0
2727 3072 6.0
2730 4758 6.0
2733 3219 6.0
2745 3012 6.0
2750 2018 6.0
2765 3808 6.0
2766 3512 6.0
2786 4632 6.0
2801 4491 6.0
2809 4129 6.0
2810 3675 6.0
2823 4654 6.0
2827 3181 6.0
2828 3979 6.0
2833 3798 6.0
2849 2614 6.0
2851 4147 6.0
2857 3304 6.0
2873 3281 6.0
2876 4430 6.0
2885 3764 6.0
2888 3032 6.0
2888 3431 6.0
2891 3481 6.0
2899 2923 6.0
2906 4070 6.0
2912 3063 6.0
2925 3190 6.0
2985 4659 6.0
2996 4322 6.0
2999 3057 6.0
3011 4280 6.0
3011 4529 6.0
3012 4610 6.0
3018 3730 6.0
3057 3899 6.0
3068 4413 6.0
3079 4137 6.0
3102 4091 6.0
3106 4470 6.0
3114 3228 6.0
3139 3389 6.0
3150 4067 6.0
3161 3422 6.0
3161 4611 6.0
3177 3643 6.0
3189 4300 6.0
3204 4550 6.0
3208 3867 6.0
3225 4014 6.0
3234 4296 6.0
3243 3941 6.0
3250 4253 6.0
3261 3955 6.0
3310 4843 6.0
3320 4464 6.0
3323 4174 6.0
3328 4329 6.0
3336 4274 6.0
3364 3575 6.0
3370 3766 6.0
3380 4537 6.0
3386 3905 6.0
3396 4551 6.0
3400 4052 6.0
3406 3821 6.0
3439 4581 6.0
3477 3222 6.0
3488 4724 6.0
3498 4069 6.0
3500 3865 6.0
3503 1911 6.0
3518 4266 6.0
3530 4222 6.0
3530 4731 6.0
3549 4117 6.0
3595 3819 6.0
3602 4826 6.0
3620 4305 6.0
3665 3802 6.0
3687 4077 6.0
3693 2928 6.0
3696 3928 6.0
3715 4236 6.0
3717 4651 6.0
3753 4354 6.0
3796 4108 6.0
3902 4001 6.0
3914 4225 6.0
3951 4057 6.0
3980 4805 6.0
3985 4837 6.0
4030 4834 6.0
4076 4548 6.0
4091 4719 6.0
4146 4764 6.0
4156 4641 6.0
4185 4289 6.0
4189 4439 6.0
4206 4573 6.0
4237 4589 6.0
4239 2817 6.0
4261 4627 6.0
4270 4694 6.0
4406 4670 6.0
4444 4750 6.0
4458 4701 6.0
4468 2111 6.0
4486 4502 6.0
4529 4819 6.0
4560 4839 6.0
4584 4757 6.0
4812 679 6.0
1 4002 7.0
2 2339 7.0
5 3776 7.0
13 1408 7.0
27 3998 7.0
33 2847 7.0
43 3363 7.0
46 3265 7.0
54 1161 7.0
59 3167 7.0
61 248 7.0
62 1261 7.0
65 1630 7.0
69 1506 7.0
79 303 7.0
82 3163 7.0
84 1440 7.0
84 3509 7.0
86 3015 7.0
87 3472 7.0
91 160 7.0
94 1066 7.0
97 557 7.0
99 532 7.0
100 2108 7.0
117 1475 7.0
133 2389 7.0
146 633 7.0
150 1141 7.0
152 3302 7.0
171 4432 7.0
179 2095 7.0
179 4674 7.0
183 2159 7.0
189 2211 7.0
190 4026 7.0
191 1157 7.0
193 4554 7.0
196 207 7.0
198 2133 7.0
205 2748 7.0
210 4542 7.0
212 820 7.0
212 2624 7.0
212 2995 7.0
219 1030 7.0
222 598 7.0
234 1262 7.0
241 1715 7.0
246 2559 7.0
251 1363 7.0
252 1613 7.0
263 1319 7.0
264 4718 7.0
272 3107 7.0
279 3271 7.0
284 825 7.0
289 4267 7.0
293 2288 7.0
300 3737 7.0
302 2918 7.0
303 2201 7.0
304 2905 7.0
307 3363 7.0
326 1709 7.0
328 1352 7.0
329 3049 7.0
329 3098 7.0
336 4826 7.0
337 2041 7.0
338 4813 7.0
339 1843 7.0
348 1550 7.0
348 3864 7.0
357 4559 7.0
362 808 7.0
364 2285 7.0
373 608 7.0
374 2396 7.0
378 405 7.0
381 4407 7.0
382 2616 7.0
394 662 7.0
395 4665 7.0
398 1860 7.0
398 2102 7.0
398 2819 7.0
399 4416 7.0
401 2337 7.0
408 3588 7.0
422 446 7.0
422 1321 7.0
427 2596 7.0
428 747 7.0
431 4676 7.0
433 4420 7.0
439 653 7.0
442 462 7.0
442 850 7.0
443 1970 7.0
445 1165 7.0
445 4373 7.0
448 2461 7.0
449 3797 7.0
451 1217 7.0
451 2126 7.0
455 1446 7.0
456 1810 7.0
462 2194 7.0
467 2867 7.0
475 2542 7.0
480 3892 7.0
482 4605 7.0
490 4169 7.0
497 850 7.0
505 3967 7.0
509 1277 7.0
509 1316 7.0
519 4697 7.0
523 2376 7.0
528 4277 7.0
532 696 7.0
534 1151 7.0
536 2134 7.0
540 1882 7.0
550 3942 7.0
559 2975 7.0
568 2610 7.0
570 2198 7.0
580 1017 7.0
581 4515 7.0
589 2251 7.0
595 1666 7.0
595 1748 7.0
598 4196 7.0
599 4159 7.0
600 2951 7.0
604 915 7.0
605 2909 7.0
607 1496 7.0
608 2632 7.0
609 2050 7.0
611 1901 7.0
611 4680 7.0
614 1221 7.0
615 962 7.0
632 2905 7.0
632 4255 7.0
654 1800 7.0
670 2995 7.0
672 1277 7.0
678 4274 7.0
680 2825 7.0
696 3714 7.0
700 794 7.0
701 3225 7.0
709 2245 7.0
725 3722 7.0
734 2965 7.0
744 1955 7.0
750 283 7.0
751 1024 7.0
755 3544 7.0
756 2787 7.0
757 3315 7.0
764 4030 7.0
776 4577 7.0
790 3941 7.0
791 3795 7.0
793 2717 7.0
796 1012 7.0
799 4095 7.0
804 1121 7.0
804 2790 7.0
806 2879 7.0
809 1968 7.0
820 4712 7.0
821 4687 7.0
826 3951 7.0
827 1713 7.0
852 2372 7.0
859 1813 7.0
872 1294 7.0
873 3771 7.0
876 3149 7.0
891 4317 7.0
892 1207 7.0
896 1221 7.0
898 2197 7.0
899 1984 7.0
912 2483 7.0
921 3499 7.0
925 4468 7.0
928 1272 7.0
931 2247 7.0
931 4636 7.0
934 3150 7.0
935 4338 7.0
938 3570 7.0
938 4032 7.0
943 2116 7.0
943 4557 7.0
950 3639 7.0
969 3965 7.0
971 1085 7.0
974 3175 7.0
977 3828 7.0
977 4236 7.0
993 1279 7.0
993 3527 7.0
1000 3064 7.0
1008 2880 7.0
1012 4112 7.0
1013 2336 7.0
1017 3428 7.0
1021 2874 7.0
1021 4456 7.0
1022 3484 7.0
1024 2643 7.0
1039 1984 7.0
1039 4762 7.0
1045 2960 7.0
1051 3609 7.0
1065 1827 7.0
1065 3564 7.0
1066 3563 7.0
1070 2861 7.0
1075 3954 7.0
1093 1777 7.0
1098 4241 7.0
1101 4029 7.0
1117 1193 7.0
1122 3835 7.0
1124 1779 7.0
1127 3457 7.0
1130 2997 7.0
1134 2253 7.0
1146 1286 7.0
1151 2803 7.0
1153 4722 7.0
1157 2390 7.0
1162 4151 7.0
1164 4787 7.0
1168 3728 7.0
1170 3697 7.0
1173 2601 7.0
1184 4278 7.0
1200 3793 7.0
1211 3186 7.0
1214 1330 7.0
1221 2632 7.0
1221 3962 7.0
1225 2172 7.0
1225 4345 7.0
1227 2776 7.0
1229 1968 7.0
1238 3338 7.0
1252 1363 7.0
1254 3632 7.0
1255 1963 7.0
1267 3489 7.0
1270 4748 7.0
1278 2429 7.0
1301 1987 7.0
1304 4742 7.0
1308 4648 7.0
1316 3030 7.0
1327 2389 7.0
1329 1560 7.0
1329 1593 7.0
1329 3466 7.0
1330 4627 7.0
1345 2028 7.0
1356 1894 7.0
1356 4374 7.0
1358 2351 7.0
1368 1372 7.0
1370 1740 7.0
1377 3641 7.0
1377 4216 7.0
1383 3151 7.0
1387 4629 7.0
1391 4061 7.0
1395 3990 7.0
1403 3554 7.0
1404 4568 7.0
1427 3942 7.0
1435 4706 7.0
1444 3614 7.0
1445 1897 7.0
1452 4553 7.0
1460 1858 7.0
1472 2930 7.0
1474 3118 7.0
1480 4540 7.0
1496 2348 7.0
1498 2059 7.0
1505 3792 7.0
1507 2594 7.0
1521 4342 7.0
1525 4696 7.0
1535 2626 7.0
1552 4487 7.0
1563 2207 7.0
1569 2242 7.0
1570 3154 7.0
1572 2600 7.0
1574 1881 7.0
1586 2288 7.0
1586 3727 7.0
1590 1876 7.0
1590 4156 7.0
1597 2428 7.0
1606 3822 7.0
1607 3470 7.0
1611 3598 7.0
1626 1800 7.0
1630 2793 7.0
1636 3085 7.0
1641 1694 7.0
1641 4248 7.0
1652 1708 7.0
1666 2334 7.0
1668 2333 7.0
1674 4232 7.0
1680 1744 7.0
1687 1774 7.0
1691 3411 7.0
1700 3267 7.0
1703 250 7.0
1728 3044 7.0
1730 2934 7.0
1740 2323 7.0
1742 314 7.0
1746 3955 7.0
1748 4243 7.0
1749 4262 7.0
1751 2849 7.0
1753 2575 7.0
1756 2976 7.0
1760 2356 7.0
1766 1789 7.0
1768 3836 7.0
1779 3445 7.0
1781 803 7.0
1796 4101 7.0
1798 2323 7.0
1802 2271 7.0
1806 3804 7.0
1808 3699 7.0
1809 3762 7.0
1812 2150 7.0
1819 4736 7.0
1857 3158 7.0
1861 2190 7.0
1867 1975 7.0
1878 4518 7.0
1881 3960 7.0
1884 4377 7.0
1897 1983 7.0
1914 2314 7.0
1916 2938 7.0
1917 4056 7.0
1921 4134 7.0
1925 2417 7.0
1944 3312 7.0
1949 4712 7.0
1959 3619 7.0
1960 3248 7.0
1964 6 7.0
1966 2247 7.0
1969 2054 7.0
1972 4798 7.0
1982 2525 7.0
1982 3450 7.0
2003 3826 7.0
2009 4269 7.0
2020 2531 7.0
2022 4579 7.0
2036 1067 7.0
2036 4479 7.0
2049 3664 7.0
2082 2379 7.0
2089 2158 7.0
2098 2746 7.0
2104 4711 7.0
2105 2622 7.0
2114 2492 7.0
2114 3877 7.0
2115 3708 7.0
2119 2639 7.0
2120 2446 7.0
2120 3159 7.0
2121 4476 7.0
2133 3062 7.0
2133 4019 7.0
2146 3137 7.0
2159 3650 7.0
2186 4238 7.0
2191 4417 7.0
2192 2457 7.0
2194 4464 7.0
2225 2807 7.0
2239 3551 7.0
2256 3743 7.0
2262 2363 7.0
2267 4277 7.0
2299 2787 7.0
2306 887 7.0
2312 3665 7.0
2319 3504 7.0
2319 4378 7.0
2330 3942 7.0
2338 3358 7.0
2341 3648 7.0
2350 3537 7.0
2352 2806 7.0
2369 2970 7.0
2381 1346 7.0
2387 4533 7.0
2402 4469 7.0
2407 2983 7.0
2407 3863 7.0
2416 2671 7.0
2416 3987 7.0
2423 4159 7.0
2431 4316 7.0
2458 2695 7.0
2467 2900 7.0
2493 4480 7.0
2499 3131 7.0
2500 2904 7.0
2506 3193 7.0
2507 3626 7.0
2508 4616 7.0
2530 4102 7.0
2537 4054 7.0
2544 3961 7.0
2544 3976 7.0
2559 3250 7.0
2589 3308 7.0
2606 2929 7.0
2607 2438 7.0
2619 4514 7.0
2620 237 7.0
2641 3080 7.0
2650 3269 7.0
2660 4719 7.0
2672 2737 7.0
2691 4276 7.0
2706 4547 7.0
2713 4369 7.0
2724 3141 7.0
2726 3626 7.0
2726 4544 7.0
2729 4575 7.0
2731 4813 7.0
2746 2807 7.0
2748 3893 7.0
2757 3271 7.0
2759 3758 7.0
2789 4265 7.0
2789 4356 7.0
2799 3993 7.0
2800 4376 7.0
2818 3135 7.0
2825 3276 7.0
2840 3305 7.0
2840 3994 7.0
2876 3797 7.0
2876 4103 7.0
2882 3550 7.0
2884 3418 7.0
2887 3694 7.0
2889 4090 7.0
2919 4312 7.0
2925 3772 7.0
2933 4386 7.0
2954 4288 7.0
2961 4342 7.0
2969 4401 7.0
2976 3544 7.0
2985 4675 7.0
2990 4111 7.0
3022 3356 7.0
3028 3111 7.0
3031 4125 7.0
3033 3631 7.0
3033 4824 7.0
3039 3115 7.0
3047 4029 7.0
3054 4276 7.0
3070 3917 7.0
3074 4115 7.0
3083 4126 7.0
3127 4192 7.0
3145 3229 7.0
3148 3435 7.0
3159 4665 7.0
3167 4314 7.0
3173 3309 7.0
3185 4184 7.0
3188 3190 7.0
3189 4089 7.0
3199 4661 7.0
3210 4085 7.0
3259 3569 7.0
3260 4178 7.0
3272 3780 7.0
3305 3529 7.0
3309 4834 7.0
3315 4113 7.0
3325 4648 7.0
3343 3968 7.0
3361 3453 7.0
3376 3467 7.0
3381 3503 7.0
3393 3499 7.0
3395 4778 7.0
3446 4833 7.0
3454 3459 7.0
3467 4840 7.0
3482 4291 7.0
3490 4720 7.0
3506 3509 7.0
3507 4235 7.0
3526 4421 7.0
3543 4324 7.0
3545 4653 7.0
3608 4500 7.0
3652 4530 7.0
3664 4472 7.0
3690 4143 7.0
3708 4043 7.0
3708 4785 7.0
3720 4254 7.0
3728 3949 7.0
3731 4588 7.0
3735 4216 7.0
3736 4359 7.0
3752 4599 7.0
3765 4492 7.0
3775 4436 7.0
3807 531 7.0
3844 4698 7.0
3849 2249 7.0
3893 4781 7.0
3908 4531 7.0
3931 4204 7.0
3968 4663 7.0
3977 4523 7.0
3982 3615 7.0
3983 79 7.0
4033 4443 7.0
4064 1971 7.0
4097 4674 7.0
4144 4293 7.0
4182 4764 7.0
4218 4496 7.0
4270 4478 7.0
4279 4796 7.0
4322 4448 7.0
4324 4830 7.0
4361 4368 7.0
4426 4667 7.0
4438 4839 7.0
4464 4675 7.0
4467 3179 7.0
4472 654 7.0
4500 4059 7.0
4676 4761 7.0
9 2733 8.0
12 603 8.0
17 716 8.0
19 3122 8.0
21 1652 8.0
35 745 8.0
40 2487 8.0
55 2122 8.0
62 2653 8.0
71 567 8.0
75 3652 8.0
80 467 8.0
81 454 8.0
83 4766 8.0
87 3632 8.0
90 745 8.0
98 1433 8.0
98 3661 8.0
113 3326 8.0
120 1361 8.0
124 1454 8.0
126 3431 8.0
127 517 8.0
131 1967 8.0
136 2583 8.0
136 2667 8.0
137 4214 8.0
141 2085 8.0
141 2664 8.0
141 4786 8.0
143 4062 8.0
143 4161 8.0
144 973 8.0
144 1069 8.0
146 3596 8.0
155 3294 8.0
156 3562 8.0
166 3036 8.0
172 1103 8.0
180 3173 8.0
180 4503 8.0
181 2689 8.0
181 3187 8.0
182 1696 8.0
197 3037 8.0
207 4698 8.0
209 1619 8.0
210 2180 8.0
219 2769 8.0
219 3719 8.0
221 4334 8.0
223 2022 8.0
227 3859 8.0
228 2710 8.0
229 3549 8.0
232 2237 8.0
239 4415 8.0
255 686 8.0
255 3605 8.0
263 2034 8.0
266 1963 8.0
270 1859 8.0
272 362 8.0
273 1042 8.0
274 3641 8.0
281 2072 8.0
281 2546 8.0
284 979 8.0
292 2890 8.0
293 3040 8.0
297 3505 8.0
306 1409 8.0
307 3464 8.0
308 403 8.0
329 3493 8.0
331 2926 8.0
345 1869 8.0
362 3207 8.0
366 975 8.0
366 4066 8.0
370 2491 8.0
377 694 8.0
388 1626 8.0
388 2017 8.0
393 4241 8.0
397 2639 8.0
400 2995 8.0
400 4068 8.0
407 3209 8.0
412 846 8.0
416 1850 8.0
422 1788 8.0
446 924 8.0
446 4547 8.0
452 4587 8.0
453 591 8.0
462 1778 8.0
466 986 8.0
468 666 8.0
470 1965 8.0
472 4437 8.0
483 3593 8.0
491 4595 8.0
493 3827 8.0
502 789 8.0
509 1194 8.0
511 1741 8.0
512 3729 8.0
524 2028 8.0
529 4562 8.0
533 3614 8.0
538 3960 8.0
549 920 8.0
550 730 8.0
556 1767 8.0
556 3548 8.0
570 3663 8.0
571 3498 8.0
576 2595 8.0
581 659 8.0
585 3717 8.0
601 1287 8.0
606 1921 8.0
607 610 8.0
609 4183 8.0
611 4570 8.0
621 2269 8.0
623 2558 8.0
634 4721 8.0
637 796 8.0
638 2474 8.0
640 2983 8.0
641 4237 8.0
665 4076 8.0
666 3444 8.0
674 3668 8.0
680 2224 8.0
683 3954 8.0
684 706 8.0
692 1711 8.0
696 4295 8.0
715 1699 8.0
716 2517 8.0
723 2728 8.0
724 1677 8.0
744 1537 8.0
756 3810 8.0
761 3336 8.0
771 3487 8.0
772 3165 8.0
776 1396 8.0
786 1938 8.0
791 1719 8.0
793 1163 8.0
793 3390 8.0
795 2896 8.0
804 4806 8.0
817 1328 8.0
826 2878 8.0
832 2291 8.0
832 2355 8.0
843 4094 8.0
848 1295 8.0
854 4123 8.0
877 1358 8.0
882 3549 8.0
885 1504 8.0
888 1270 8.0
890 1400 8.0
893 2212 8.0
897 3759 8.0
902 3289 8.0
907 2122 8.0
930 3705 8.0
931 1752 8.0
937 4255 8.0
941 3922 8.0
943 2501 8.0
943 2664 8.0
962 1293 8.0
964 1670 8.0
974 2413 8.0
975 486 8.0
1006 3328 8.0
1007 4267 8.0
1032 3895 8.0
1064 2738 8.0
1081 2074 8.0
1090 2054 8.0
1093 2101 8.0
1098 2611 8.0
1105 4804 8.0
1112 4260 8.0
1121 3046 8.0
1129 1383 8.0
1131 3927 8.0
1132 2888 8.0
1137 3589 8.0
1141 360 8.0
1142 4493 8.0
1175 2598 8.0
1200 4079 8.0
1206 2398 8.0
1209 4795 8.0
1218 2418 8.0
1218 4472 8.0
1220 3851 8.0
1222 2345 8.0
1223 1383 8.0
1231 4305 8.0
1247 4398 8.0
1253 3786 8.0
1257 3085 8.0
1262 2328 8.0
1291 1737 8.0
1291 3252 8.0
1302 1761 8.0
1303 1592 8.0
1309 1889 8.0
1311 2251 8.0
1311 2966 8.0
1317 1442 8.0
1333 3281 8.0
1334 3764 8.0
1344 3124 8.0
1360 2170 8.0
1361 3244 8.0
1364 2182 8.0
1365 2872 8.0
1368 2706 8.0
1370 2114 8.0
1379 2033 8.0
1379 2226 8.0
1379 3239 8.0
1390 1621 8.0
1391 2933 8.0
1400 2662 8.0
1404 1034 8.0
1415 2109 8.0
1415 4815 8.0
1420 3657 8.0
1428 4473 8.0
1434 3263 8.0
1446 1645 8.0
1457 3726 8.0
1462 1657 8.0
1467 4673 8.0
1485 4100 8.0
1487 1897 8.0
1499 4388 8.0
1504 3442 8.0
1524 4619 8.0
1536 1620 8.0
1540 3145 8.0
1565 2434 8.0
1566 2880 8.0
1575 4316 8.0
1579 3455 8.0
1585 1823 8.0
1586 2796 8.0
1587 3694 8.0
1589 2690 8.0
1594 1846 8.0
1600 4769 8.0
1607 2215 8.0
1628 3486 8.0
1631 4022 8.0
1638 2621 8.0
1645 2303 8.0
1646 2970 8.0
1651 3390 8.0
1653 1679 8.0
1653 3819 8.0
1662 2138 8.0
1663 758 8.0
1666 4264 8.0
1667 1725 8.0
1667 4755 8.0
1669 2312 8.0
1691 4460 8.0
1694 4550 8.0
1714 2189 8.0
1719 3247 8.0
1726 4838 8.0
1741 3307 8.0
1744 2463 8.0
1750 2455 8.0
1769 650 8.0
1786 3697 8.0
1790 2839 8.0
1808 4024 8.0
1812 3255 8.0
1813 2172 8.0
1829 2234 8.0
1837 3553 8.0
1839 2545 8.0
1840 4539 8.0
1843 4309 8.0
1846 4718 8.0
1850 2959 8.0
1857 3291 8.0
1919 2706 8.0
1926 2882 8.0
1931 3093 8.0
1943 2496 8.0
1946 4164 8.0
1947 2125 8.0
1955 3875 8.0
1962 3681 8.0
1970 1975 8.0
1974 4758 8.0
1983 2855 8.0
1994 3929 8.0
1996 4287 8.0
2005 2276 8.0
2005 4683 8.0
2020 4621 8.0
2024 2273 8.0
2027 3729 8.0
2045 3444 8.0
2050 4348 8.0
2058 2080 8.0
2066 2181 8.0
2068 3528 8.0
2082 4258 8.0
2084 3292 8.0
2091 3472 8.0
2092 2113 8.0
2104 2274 8.0
2116 4192 8.0
2125 3775 8.0
2130 4553 8.0
2154 3276 8.0
2164 2291 8.0
2168 3535 8.0
2181 2482 8.0
2196 4408 8.0
2201 4494 8.0
2227 4496 8.0
2238 3619 8.0
2241 3883 8.0
2247 2377 8.0
2247 4272 8.0
2267 3619 8.0
2276 3782 8.0
2277 3587 8.0
2277 3663 8.0
2280 4157 8.0
2300 4303 8.0
2308 3612 8.0
2310 2606 8.0
2326 2595 8.0
2358 4578 8.0
2365 3080 8.0
2377 3162 8.0
2388 2569 8.0
2432 3726 8.0
2454 2633 8.0
2456 3242 8.0
2456 3853 8.0
2462 2618 8.0
2478 3301 8.0
2482 3100 8.0
2489 2501 8.0
2492 3975 8.0
2495 3351 8.0
2503 1509 8.0
2521 4232 8.0
2528 4144 8.0
2539 4488 8.0
2556 3849 8.0
2561 3004 8.0
2561 4676 8.0
2563 3576 8.0
2594 3591 8.0
2634 4079 8.0
2665 2742 8.0
2695 3722 8.0
2707 3814 8.0
2723 2791 8.0
2729 4779 8.0
2748 2797 8.0
2752 3331 8.0
2757 2927 8.0
2767 3937 8.0
2769 3758 8.0
2773 4292 8.0
2788 4776 8.0
2804 4525 8.0
2810 2994 8.0
2820 4827 8.0
2822 2965 8.0
2848 2889 8.0
2848 3763 8.0
2865 4614 8.0
2868 3625 8.0
2870 2295 8.0
2893 4266 8.0
2901 4577 8.0
2905 3374 8.0
2912 4806 8.0
2946 3428 8.0
2948 3898 8.0
2972 4262 8.0
2990 4124 8.0
3002 3618 8.0
3003 3057 8.0
3026 4046 8.0
3029 3483 8.0
3029 3836 8.0
3084 4593 8.0
3131 3969 8.0
3138 3714 8.0
3153 3292 8.0
3175 4411 8.0
3183 369 8.0
3208 3553 8.0
3240 3359 8.0
3243 4510 8.0
3269 3941 8.0
3322 3761 8.0
3358 4721 8.0
3359 3701 8.0
3382 4036 8.0
3423 3458 8.0
3436 2897 8.0
3451 3232 8.0
3489 3842 8.0
3534 4144 8.0
3566 4809 8.0
3640 2644 8.0
3656 4213 8.0
3666 3695 8.0
3699 3734 8.0
3718 545 8.0
3748 4625 8.0
3755 1823 8.0
3770 4312 8.0
3832 4293 8.0
3875 4422 8.0
3898 4401 8.0
3903 910 8.0
3953 3274 8.0
3991 4257 8.0
3992 4151 8.0
4001 4016 8.0
4097 1541 8.0
4120 4293 8.0
4151 4394 8.0
4156 4643 8.0
4183 4515 8.0
4205 2128 8.0
4205 2478 8.0
4271 3797 8.0
4280 4810 8.0
4320 1513 8.0
4441 4454 8.0
4483 233 8.0
4553 612 8.0
4567 565 8.0
4589 4662 8.0
4590 4832 8.0
4593 4065 8.0
4705 1532 8.0
4713 700 8.0
4778 3184 8.0
8 4012 9.0
22 467 9.0
34 4191 9.0
35 1825 9.0
50 2261 9.0
62 2718 9.0
66 1310 9.0
75 1900 9.0
75 2988 9.0
80 630 9.0
99 2365 9.0
99 3482 9.0
106 3724 9.0
109 4584 9.0
113 2395 9.0
113 4530 9.0
118 1725 9.0
119 1116 9.0
120 670 9.0
121 1021 9.0
121 3042 9.0
139 2000 9.0
140 1424 9.0
155 4504 9.0
158 3299 9.0
164 968 9.0
164 4011 9.0
166 2628 9.0
171 1890 9.0
180 1023 9.0
183 1373 9.0
197 4376 9.0
205 1981 9.0
216 3345 9.0
218 4501 9.0
219 1830 9.0
231 3068 9.0
243 591 9.0
256 2180 9.0
271 1441 9.0
280 826 9.0
287 1850 9.0
289 1933 9.0
290 4504 9.0
292 362 9.0
300 1360 9.0
312 1423 9.0
317 2348 9.0
328 1288 9.0
337 3654 9.0
350 1729 9.0
350 1838 9.0
350 4016 9.0
365 3950 9.0
366 3572 9.0
374 4360 9.0
376 1311 9.0
388 3235 9.0
390 2529 9.0
405 818 9.0
410 1905 9.0
418 1115 9.0
430 780 9.0
432 3093 9.0
439 838 9.0
439 872 9.0
456 560 9.0
464 4245 9.0
468 2240 9.0
477 481 9.0
487 506 9.0
491 1031 9.0
493 2622 9.0
495 4231 9.0
505 4015 9.0
511 4165 9.0
542 1657 9.0
552 3684 9.0
554 2322 9.0
559 3794 9.0
560 3711 9.0
571 3537 9.0
586 1527 9.0
586 4605 9.0
597 4088 9.0
597 4361 9.0
605 2218 9.0
627 2413 9.0
629 3991 9.0
652 840 9.0
663 2797 9.0
671 2091 9.0
673 3417 9.0
674 4372 9.0
678 1181 9.0
687 3861 9.0
689 4606 9.0
692 4008 9.0
692 4058 9.0
698 3626 9.0
699 2696 9.0
699 2722 9.0
714 2000 9.0
752 3081 9.0
759 3227 9.0
765 1960 9.0
768 1795 9.0
779 3336 9.0
785 1925 9.0
795 2014 9.0
796 4418 9.0
797 4623 9.0
799 1105 9.0
808 4334 9.0
823 3965 9.0
830 4583 9.0
839 3080 9.0
846 2064 9.0
846 3225 9.0
852 1289 9.0
852 4625 9.0
854 3263 9.0
857 4352 9.0
865 3495 9.0
865 3759 9.0
868 2234 9.0
875 1401 9.0
880 3111 9.0
882 1047 9.0
893 1790 9.0
897 3617 9.0
906 1362 9.0
914 3360 9.0
918 1132 9.0
937 4841 9.0
945 3526 9.0
949 2464 9.0
981 3878 9.0
986 2482 9.0
998 4326 9.0
1017 2969 9.0
1018 3090 9.0
1030 1033 9.0
1035 1066 9.0
1037 4528 9.0
1040 2768 9.0
1049 1230 9.0
1056 2997 9.0
1065 3805 9.0
1103 4165 9.0
1118 1496 9.0
1126 2593 9.0
1133 2759 9.0
1155 2329 9.0
1163 3264 9.0
1174 1831 9.0
1179 101 9.0
1209 2139 9.0
1210 2343 9.0
1212 1706 9.0
1215 3840 9.0
1215 3969 9.0
1218 4003 9.0
1218 4311 9.0
1236 1546 9.0
1252 2412 9.0
1258 1701 9.0
1268 3385 9.0
1292 2917 9.0
1312 3204 9.0
1315 2351 9.0
1327 3734 9.0
1334 2526 9.0
1335 1495 9.0
1335 3858 9.0
1344 4315 9.0
1404 4379 9.0
1414 2002 9.0
1422 4325 9.0
1423 2968 9.0
1452 1951 9.0
1464 4231 9.0
1476 3293 9.0
1478 3035 9.0
1481 2296 9.0
1486 2117 9.0
1487 1933 9.0
1488 2964 9.0
1489 4446 9.0
1490 3298 9.0
1511 2786 9.0
1522 1936 9.0
1538 2722 9.0
1538 2983 9.0
1540 1918 9.0
1548 3241 9.0
1548 3446 9.0
1551 4791 9.0
1563 2479 9.0
1563 3703 9.0
1567 4083 9.0
1581 3974 9.0
1583 4096 9.0
1592 2511 9.0
1604 3997 9.0
1690 851 9.0
1692 2024 9.0
1698 2434 9.0
1727 1928 9.0
1729 4637 9.0
1746 1867 9.0
1755 2149 9.0
1755 3449 9.0
1806 4209 9.0
1836 3067 9.0
1836 4374 9.0
1863 3059 9.0
1877 2206 9.0
1877 3410 9.0
1887 3359 9.0
1927 4167 9.0
1940 4140 9.0
1940 4424 9.0
1944 4639 9.0
1945 3280 9.0
1966 3198 9.0
1979 4789 9.0
1998 4592 9.0
2012 2569 9.0
2042 3425 9.0
2072 3871 9.0
2075 3440 9.0
2076 2462 9.0
2077 3606 9.0
2078 2494 9.0
2093 1893 9.0
2095 2975 9.0
2113 3709 9.0
2147 3948 9.0
2170 2966 9.0
2179 3470 9.0
2229 2428 9.0
2229 2434 9.0
2238 3789 9.0
2246 4247 9.0
2246 4331 9.0
2274 3944 9.0
2302 4714 9.0
2310 3602 9.0
2310 4306 9.0
2313 2742 9.0
2318 4686 9.0
2332 3522 9.0
2349 3621 9.0
2370 3415 9.0
2391 2526 9.0
2392 3100 9.0
2395 3201 9.0
2395 3585 9.0
2410 4375 9.0
2454 2586 9.0
2467 1285 9.0
2481 2779 9.0
2485 3621 9.0
2500 4642 9.0
2528 3496 9.0
2533 3871 9.0
2546 3249 9.0
2550 583 9.0
2589 2868 9.0
2621 3902 9.0
2675 2977 9.0
2677 2921 9.0
2704 3101 9.0
2718 3656 9.0
2730 3053 9.0
2735 4460 9.0
2741 3385 9.0
2767 4306 9.0
2778 3254 9.0
2805 3046 9.0
2805 3170 9.0
2826 3293 9.0
2830 3644 9.0
2839 2991 9.0
2857 1559 9.0
2881 3103 9.0
2922 3523 9.0
2938 3889 9.0
2986 3266 9.0
2987 4255 9.0
3009 3711 9.0
3041 4184 9.0
3064 4408 9.0
3094 3194 9.0
3095 3514 9.0
3113 4599 9.0
3117 1295 9.0
3117 4782 9.0
3126 4256 9.0
3129 3232 9.0
3136 4715 9.0
3148 4640 9.0
3170 4218 9.0
3171 1923 9.0
3224 4421 9.0
3249 4230 9.0
3258 4027 9.0
3283 3822 9.0
3286 4258 9.0
3339 3505 9.0
3393 2270 9.0
3423 4378 9.0
3446 3606 9.0
3461 1556 9.0
3463 3855 9.0
3476 4495 9.0
3478 3623 9.0
3494 3988 9.0
3551 1012 9.0
3606 4708 9.0
3627 4487 9.0
3631 3900 9.0
3651 4437 9.0
3684 1152 9.0
3700 767 9.0
3706 3986 9.0
3775 4360 9.0
3801 4041 9.0
3803 4146 9.0
3892 3375 9.0
3917 4318 9.0
3921 4695 9.0
3940 4669 9.0
3947 3357 9.0
4012 4099 9.0
4029 4622 9.0
4044 4558 9.0
4071 4363 9.0
4202 3821 9.0
4343 4658 9.0
4368 4712 9.0
4409 4441 9.0
4418 4560 9.0
4438 4783 9.0
4506 1783 9.0
4510 4666 9.0
4757 4823 9.0
34 4664 10.0
41 2266 10.0
44 1342 10.0
53 2030 10.0
53 3779 10.0
75 1512 10.0
83 156 10.0
108 186 10.0
109 2625 10.0
120 2602 10.0
134 1585 10.0
137 4093 10.0
139 2683 10.0
151 4662 10.0
167 653 10.0
181 969 10.0
181 1355 10.0
205 3907 10.0
242 1256 10.0
243 1482 10.0
271 3119 10.0
278 471 10.0
280 2397 10.0
290 2445 10.0
297 675 10.0
305 1125 10.0
315 3706 10.0
332 2198 10.0
352 655 10.0
377 1137 10.0
403 3567 10.0
404 4245 10.0
413 1236 10.0
413 3538 10.0
417 789 10.0
430 1999 10.0
435 711 10.0
455 2066 10.0
461 2168 10.0
470 1698 10.0
505 1032 10.0
506 2446 10.0
508 2631 10.0
508 3592 10.0
528 3521 10.0
528 3636 10.0
532 3465 10.0
542 4172 10.0
562 4452 10.0
579 1001 10.0
605 3858 10.0
620 753 10.0
638 1212 10.0
644 3143 10.0
653 1429 10.0
697 1031 10.0
712 1268 10.0
740 962 10.0
741 1764 10.0
744 1554 10.0
776 2645 10.0
812 2033 10.0
822 1461 10.0
834 1912 10.0
838 998 10.0
843 2219 10.0
858 1047 10.0
885 3256 10.0
894 2885 10.0
896 1875 10.0
946 2410 10.0
949 1780 10.0
952 3767 10.0
956 3386 10.0
957 1118 10.0
957 2185 10.0
964 3612 10.0
983 509 10.0
995 3690 10.0
1016 3577 10.0
1038 1588 10.0
1042 1469 10.0
1043 2851 10.0
1050 2564 10.0
1056 3438 10.0
1058 2568 10.0
1062 1272 10.0
1081 4569 10.0
1087 1250 10.0
1092 3212 10.0
1096 1711 10.0
1096 2048 10.0
1104 1711 10.0
1105 2893 10.0
1124 2274 10.0
1166 1288 10.0
1170 992 10.0
1224 1491 10.0
1228 3010 10.0
1250 4760 10.0
1267 3880 10.0
1271 4182 10.0
1272 1464 10.0
1274 3463 10.0
1280 603 10.0
1281 2481 10.0
1281 4756 10.0
1288 4317 10.0
1289 3374 10.0
1309 3861 10.0
1310 4543 10.0
1323 1687 10.0
1342 2370 10.0
1372 1776 10.0
1378 4822 10.0
1399 3889 10.0
1402 124 10.0
1448 2160 10.0
1453 4096 10.0
1455 2629 10.0
1459 1975 10.0
1470 2007 10.0
1494 4790 10.0
1531 2976 10.0
1539 2470 10.0
1565 4817 10.0
1574 4209 10.0
1578 2791 10.0
1579 4120 10.0
1596 2486 10.0
1605 4382 10.0
1609 2675 10.0
1616 1738 10.0
1616 2686 10.0
1644 4295 10.0
1647 1670 10.0
1678 2965 10.0
1682 2439 10.0
1689 2077 10.0
1692 3735 10.0
1714 2914 10.0
1726 1876 10.0
1787 3542 10.0
1792 4666 10.0
1795 3823 10.0
1797 665 10.0
1806 3525 10.0
1809 3253 10.0
1820 2098 10.0
1831 2709 10.0
1832 4090 10.0
1833 4643 10.0
1857 39 10.0
1857 2462 10.0
1871 3801 10.0
1887 2402 10.0
1894 3745 10.0
1895 3060 10.0
1902 696 10.0
1943 2025 10.0
1944 3883 10.0
1947 3312 10.0
1976 3637 10.0
1978 3724 10.0
1999 2485 10.0
2006 2308 10.0
2010 4591 10.0
2027 4009 10.0
2039 2628 10.0
2043 2310 10.0
2055 2600 10.0
2057 4487 10.0
2066 2375 10.0
2071 2131 10.0
2072 1920 10.0
2076 4337 10.0
2135 2499 10.0
2187 2775 10.0
2190 2603 10.0
2192 4420 10.0
2203 4478 10.0
2221 4109 10.0
2227 3255 10.0
2261 3707 10.0
2265 2307 10.0
2266 4164 10.0
2271 3517 10.0
2280 373 10.0
2304 2934 10.0
2308 2587 10.0
2311 2657 10.0
2318 2604 10.0
2355 3933 10.0
2402 2894 10.0
2402 4285 10.0
2409 3039 10.0
2410 3438 10.0
2418 4792 10.0
2486 3275 10.0
2514 3335 10.0
2519 4623 10.0
2524 4506 10.0
2529 3108 10.0
2573 2924 10.0
2573 3579 10.0
2587 4763 10.0
2604 3090 10.0
2612 1161 10.0
2631 3005 10.0
2635 1207 10.0
2637 4718 10.0
2700 2926 10.0
2712 4546 10.0
2735 3607 10.0
2756 4275 10.0
2781 3047 10.0
2797 181 10.0
2820 3649 10.0
2839 2971 10.0
2844 3254 10.0
2848 4362 10.0
2852 207 10.0
2880 3945 10.0
2913 2272 10.0
2942 4489 10.0
2977 3326 10.0
3008 3786 10.0
3009 4128 10.0
3021 4154 10.0
3084 3283 10.0
3094 3907 10.0
3106 3628 10.0
3108 4142 10.0
3153 3564 10.0
3195 4162 10.0
3202 4760 10.0
3221 3524 10.0
3251 4210 10.0
3366 3579 10.0
3386 3514 10.0
3403 3743 10.0
3409 4484 10.0
3420 4094 10.0
3435 4836 10.0
3474 1823 10.0
3494 4757 10.0
3515 4652 10.0
3523 3929 10.0
3534 4536 10.0
3552 3941 10.0
3594 3917 10.0
3627 4263 10.0
3679 4275 10.0
3749 4507 10.0
3765 80 10.0
3857 4631 10.0
3950 4840 10.0
3953 4028 10.0
4224 4764 10.0
4389 4563 10.0
4811 4835 10.0
0 2213 11.0
8 2683 11.0
11 3383 11.0
14 2069 11.0
14 3283 11.0
31 2187 11.0
41 3740 11.0
47 3187 11.0
52 2318 11.0
52 2701 11.0
69 3316 11.0
91 2948 11.0
106 1476 11.0
113 4754 11.0
125 4511 11.0
125 4563 11.0
147 3155 11.0
151 1658 11.0
175 825 11.0
188 4619 11.0
224 2782 11.0
235 1032 11.0
240 1048 11.0
245 2984 11.0
259 181 11.0
259 339 11.0
274 947 11.0
276 763 11.0
296 4587 11.0
306 80 11.0
331 4463 11.0
332 3240 11.0
339 3731 11.0
358 4754 11.0
379 4315 11.0
418 1062 11.0
437 2000 11.0
474 2773 11.0
497 1573 11.0
507 1686 11.0
557 768 11.0
596 2843 11.0
602 1900 11.0
606 3767 11.0
689 4149 11.0
702 1752 11.0
712 3878 11.0
720 4207 11.0
721 3069 11.0
727 1378 11.0
739 815 11.0
741 4685 11.0
755 1456 11.0
755 1549 11.0
762 4334 11.0
813 2763 11.0
813 3288 11.0
816 1959 11.0
833 1466 11.0
837 3790 11.0
841 4642 11.0
860 4104 11.0
879 1504 11.0
898 2681 11.0
906 4377 11.0
908 4037 11.0
911 3958 11.0
933 1839 11.0
935 2257 11.0
942 3776 11.0
986 1247 11.0
991 4036 11.0
995 1366 11.0
1002 4119 11.0
1040 2484 11.0
1044 3421 11.0
1084 4677 11.0
1087 2263 11.0
1093 1104 11.0
1131 3196 11.0
1147 3334 11.0
1172 2215 11.0
1181 3089 11.0
1185 2180 11.0
1258 2834 11.0
1275 3900 11.0
1281 3035 11.0
1292 4840 11.0
1302 1567 11.0
1311 3680 11.0
1339 1956 11.0
1342 2622 11.0
1347 2088 11.0
1357 1645 11.0
1385 2529 11.0
1396 2586 11.0
1401 4172 11.0
1410 1947 11.0
1417 2831 11.0
1423 1976 11.0
1428 686 11.0
1552 986 11.0
1565 4606 11.0
1577 3339 11.0
1594 2185 11.0
1604 2791 11.0
1610 2879 11.0
1637 2014 11.0
1660 4033 11.0
1682 4221 11.0
1686 2118 11.0
1689 2662 11.0
1772 4729 11.0
1776 3686 11.0
1819 2686 11.0
1825 3663 11.0
1849 4304 11.0
1852 4195 11.0
1886 2101 11.0
1889 409 11.0
1895 744 11.0
1898 2447 11.0
1912 2565 11.0
1941 3351 11.0
1943 1486 11.0
1965 2911 11.0
1968 3164 11.0
1976 4005 11.0
2007 3199 11.0
2010 2522 11.0
2010 3460 11.0
2013 4696 11.0
2030 4790 11.0
2091 4463 11.0
2133 3058 11.0
2140 1700 11.0
2169 3804 11.0
2232 3094 11.0
2257 2981 11.0
2271 2643 11.0
2311 4519 11.0
2328 4413 11.0
2370 4132 11.0
2433 1078 11.0
2437 2484 11.0
2447 2902 11.0
2480 462 11.0
2493 2561 11.0
2497 3308 11.0
2587 2917 11.0
2604 4293 11.0
2618 1207 11.0
2630 3148 11.0
2692 4195 11.0
2695 3800 11.0
2725 3251 11.0
2731 2770 11.0
2760 4519 11.0
2834 2559 11.0
2846 1298 11.0
2853 3784 11.0
2895 1980 11.0
2898 3750 11.0
2921 893 11.0
2932 4111 11.0
2949 2957 11.0
2959 3634 11.0
2976 3164 11.0
3020 3594 11.0
3068 4190 11.0
3143 3830 11.0
3192 4078 11.0
3266 3321 11.0
3292 4833 11.0
3298 4493 11.0
3314 4490 11.0
3347 3429 11.0
3499 3854 11.0
3502 3986 11.0
3502 4604 11.0
3529 1555 11.0
3607 3610 11.0
3638 4772 11.0
3640 60 11.0
3680 4561 11.0
3686 4025 11.0
3876 4190 11.0
3953 4770 11.0
4009 4194 11.0
4040 4352 11.0
4101 4428 11.0
4218 4518 11.0
4249 2905 11.0
4383 2377 11.0
4426 1879 11.0
4657 3593 11.0
4775 1252 11.0
41 261 12.0
123 3897 12.0
139 2221 12.0
147 1547 12.0
185 1160 12.0
187 2676 12.0
203 2215 12.0
242 4480 12.0
261 1931 12.0
296 2853 12.0
299 2039 12.0
316 2566 12.0
320 4511 12.0
349 1866 12.0
352 2219 12.0
365 4083 12.0
413 1483 12.0
435 2078 12.0
472 751 12.0
473 697 12.0
499 2067 12.0
506 908 12.0
518 1531 12.0
544 1666 12.0
561 4152 12.0
596 2102 12.0
619 1429 12.0
644 3523 12.0
644 4220 12.0
645 97 12.0
692 2663 12.0
717 4154 12.0
720 4200 12.0
727 1050 12.0
739 4559 12.0
821 1081 12.0
847 2932 12.0
934 3987 12.0
955 1616 12.0
969 3761 12.0
988 3431 12.0
991 4745 12.0
1002 4760 12.0
1072 1148 12.0
1072 1717 12.0
1077 4161 12.0
1081 4167 12.0
1084 2014 12.0
1086 2027 12.0
1116 2217 12.0
1164 3886 12.0
1165 2235 12.0
1196 2388 12.0
1204 4743 12.0
1213 1899 12.0
1245 3298 12.0
1250 2071 12.0
1268 4597 12.0
1278 3869 12.0
1320 17 12.0
1357 3103 12.0
1384 4687 12.0
1396 4796 12.0
1399 3049 12.0
1423 3888 12.0
1425 1884 12.0
1474 2919 12.0
1526 2240 12.0
1612 3513 12.0
1621 2426 12.0
1629 2865 12.0
1631 1794 12.0
1639 3616 12.0
1734 2978 12.0
1743 3647 12.0
1766 3094 12.0
1782 1917 12.0
1794 3749 12.0
1819 2345 12.0
1849 2197 12.0
1854 3819 12.0
1928 4195 12.0
1975 3362 12.0
2006 3258 12.0
2008 462 12.0
2035 4754 12.0
2112 2236 12.0
2112 3192 12.0
2131 3546 12.0
2162 1542 12.0
2235 2739 12.0
2283 255 12.0
2299 2861 12.0
2327 1291 12.0
2410 3630 12.0
2414 2039 12.0
2426 1884 12.0
2444 4516 12.0
2520 2934 12.0
2542 3175 12.0
2554 4337 12.0
2555 4800 12.0
2591 2622 12.0
2718 4776 12.0
2732 4372 12.0
2751 4790 12.0
2773 3275 12.0
2778 3058 12.0
2795 1599 12.0
2867 3683 12.0
2992 4258 12.0
3009 3335 12.0
3041 4604 12.0
3051 3521 12.0
3126 3257 12.0
3205 4194 12.0
3230 4320 12.0
3378 4231 12.0
3409 3987 12.0
3413 3739 12.0
3426 3679 12.0
3564 3706 12.0
3792 4536 12.0
3916 400 12.0
4028 4700 12.0
4388 921 12.0
4475 3164 12.0
4749 22 12.0
51 4828 13.0
53 244 13.0
53 4723 13.0
66 1697 13.0
123 420 13.0
131 881 13.0
147 4412 13.0
166 2484 13.0
198 1722 13.0
236 2520 13.0
257 1077 13.0
316 760 13.0
322 2677 13.0
335 3365 13.0
368 1108 13.0
404 4135 13.0
413 2979 13.0
473 2516 13.0
569 939 13.0
573 1414 13.0
627 2414 13.0
660 1302 13.0
685 2226 13.0
685 2345 13.0
695 2936 13.0
702 1050 13.0
740 2930 13.0
847 1945 13.0
857 1125 13.0
875 2658 13.0
886 935 13.0
905 4083 13.0
911 2942 13.0
914 262 13.0
947 960 13.0
957 2872 13.0
999 2957 13.0
1032 4153 13.0
1037 3083 13.0
1138 17 13.0
1228 2571 13.0
1229 1854 13.0
1243 2975 13.0
1249 3647 13.0
1315 3479 13.0
1323 3414 13.0
1376 810 13.0
1491 1695 13.0
1505 4457 13.0
1579 3524 13.0
1629 2309 13.0
1660 3691 13.0
1684 3079 13.0
1688 3884 13.0
1710 2279 13.0
1849 749 13.0
1914 3440 13.0
2013 4413 13.0
2016 630 13.0
2030 3547 13.0
2132 2730 13.0
2135 4534 13.0
2307 2441 13.0
2406 2871 13.0
2419 3888 13.0
2520 4450 13.0
2566 3115 13.0
2836 4078 13.0
2883 3137 13.0
2901 2904 13.0
2916 3532 13.0
2992 4517 13.0
3079 4369 13.0
3144 3201 13.0
3246 2437 13.0
3367 4526 13.0
3377 2952 13.0
3441 4677 13.0
3502 4352 13.0
3618 3724 13.0
3748 4800 13.0
3785 3792 13.0
4040 4585 13.0
4093 4583 13.0
4385 4546 13.0
4490 1181 13.0
4521 1903 13.0
4526 4811 13.0
4820 1555 13.0
34 1307 14.0
77 1052 14.0
78 1483 14.0
125 4585 14.0
187 3101 14.0
208 2197 14.0
316 4312 14.0
331 2940 14.0
335 2235 14.0
367 3837 14.0
437 2547 14.0
476 2409 14.0
491 3649 14.0
501 4040 14.0
521 2067 14.0
642 2741 14.0
643 4512 14.0
708 1098 14.0
740 811 14.0
782 1233 14.0
786 2049 14.0
909 4486 14.0
955 4224 14.0
1001 4558 14.0
1008 4329 14.0
1048 1710 14.0
1063 2441 14.0
1092 2933 14.0
1143 4239 14.0
1155 4221 14.0
1208 3147 14.0
1276 2469 14.0
1347 2803 14.0
1367 1608 14.0
1367 3963 14.0
1525 4446 14.0
1707 3776 14.0
1872 3409 14.0
2178 3366 14.0
2195 3963 14.0
2216 4389 14.0
2307 3471 14.0
2394 3246 14.0
2455 3271 14.0
2850 3250 14.0
3010 4339 14.0
3365 2743 14.0
3411 4040 14.0
3412 3296 14.0
3882 4171 14.0
4133 4527 14.0
4339 2404 14.0
4346 4558 14.0
4434 1317 14.0
4452 2181 14.0
4499 921 14.0
4645 1164 14.0
185 1799 15.0
194 3408 15.0
267 1506 15.0
294 3412 15.0
436 674 15.0
475 542 15.0
561 664 15.0
592 2258 15.0
720 2563 15.0
752 2290 15.0
782 3837 15.0
905 1052 15.0
1057 2602 15.0
1146 1872 15.0
1173 4033 15.0
1276 4181 15.0
1276 4835 15.0
1421 2265 15.0
1451 3201 15.0
1546 4733 15.0
1616 1617 15.0
1689 1042 15.0
1721 2780 15.0
1809 2901 15.0
1863 2782 15.0
2171 1362 15.0
2244 4579 15.0
2258 2979 15.0
2447 1301 15.0
2552 4700 15.0
2563 4538 15.0
2629 2739 15.0
2676 2091 15.0
2865 3238 15.0
2940 4461 15.0
3069 3686 15.0
3387 3785 15.0
3426 4466 15.0
3777 3719 15.0
3990 3873 15.0
4395 4517 15.0
4443 4638 15.0
88 1356 16.0
206 2911 16.0
592 2263 16.0
985 2930 16.0
1031 2753 16.0
1031 4101 16.0
1143 2723 16.0
1146 4669 16.0
1154 2255 16.0
1275 376 16.0
1351 660 16.0
1455 3288 16.0
1721 2023 16.0
1814 1206 16.0
1898 2199 16.0
2146 62 16.0
2195 4094 16.0
2253 2733 16.0
2527 4743 16.0
2566 2782 16.0
3128 2664 16.0
3147 3303 16.0
3419 3888 16.0
3610 3879 16.0
3964 189 16.0
4031 202 16.0
4538 136 16.0
240 305 17.0
278 2902 17.0
308 1965 17.0
386 2188 17.0
386 4252 17.0
415 2922 17.0
590 4367 17.0
721 866 17.0
833 40 17.0
1156 4822 17.0
1249 1695 17.0
1577 4696 17.0
1685 1179 17.0
2832 544 17.0
3039 4402 17.0
3081 628 17.0
3297 4011 17.0
3332 16 17.0
4743 1546 17.0
211 2892 18.0
385 4545 18.0
474 2469 18.0
1038 2902 18.0
1249 1664 18.0
1639 4619 18.0
1649 47 18.0
1754 3779 18.0
2875 3576 18.0
3065 3257 18.0
3140 298 18.0
4390 1390 18.0
4784 2641 18.0
1071 3837 19.0
1418 2199 19.0
1591 1016 19.0
1648 2013 19.0
1743 3147 19.0
1789 2652 19.0
1909 3419 19.0
2230 4339 19.0
2281 3404 19.0
2572 4751 19.0
2956 3567 19.0
3109 3694 19.0
3319 1900 19.0
3513 3865 19.0
4513 2213 19.0
23 3439 20.0
56 3091 20.0
203 3133 20.0
695 2012 20.0
1466 2770 20.0
1720 3764 20.0
1957 933 20.0
2802 2220 20.0
4297 4181 20.0
4512 4715 20.0
168 1817 21.0
590 183 21.0
844 1050 21.0
1073 1860 21.0
2854 186 21.0
3019 627 21.0
4406 2871 21.0
1685 4594 22.0
1664 3166 23.0
2443 1585 24.0
4545 3497 26.0
