0 987 1.0
19 813 1.0
20 400 1.0
30 31 1.0
43 1221 1.0
62 921 1.0
76 1137 1.0
77 78 1.0
109 111 1.0
120 121 1.0
160 644 1.0
161 178 1.0
164 492 1.0
185 186 1.0
192 1081 1.0
208 773 1.0
216 1038 1.0
242 385 1.0
246 812 1.0
266 1163 1.0
274 377 1.0
290 291 1.0
296 796 1.0
303 799 1.0
330 334 1.0
330 346 1.0
382 925 1.0
387 389 1.0
398 668 1.0
470 830 1.0
524 604 1.0
536 978 1.0
548 1054 1.0
578 1150 1.0
597 598 1.0
602 603 1.0
612 1092 1.0
632 633 1.0
634 635 1.0
646 1027 1.0
710 711 1.0
755 1156 1.0
770 1046 1.0
800 801 1.0
815 818 1.0
858 865 1.0
860 861 1.0
966 968 1.0
1054 1055 1.0
1081 1095 1.0
1223 1224 1.0
1231 1232 1.0
1 721 2.0
1 989 2.0
2 578 2.0
8 684 2.0
13 458 2.0
13 734 2.0
19 1098 2.0
21 502 2.0
29 1020 2.0
32 1167 2.0
34 675 2.0
37 106 2.0
37 1216 2.0
39 1030 2.0
45 1135 2.0
46 617 2.0
47 945 2.0
58 402 2.0
60 162 2.0
67 1124 2.0
69 891 2.0
74 912 2.0
87 761 2.0
93 898 2.0
95 754 2.0
110 693 2.0
116 843 2.0
122 123 2.0
128 189 2.0
128 236 2.0
135 812 2.0
139 837 2.0
145 738 2.0
148 152 2.0
170 709 2.0
171 174 2.0
174 521 2.0
186 925 2.0
210 1037 2.0
212 931 2.0
218 223 2.0
220 642 2.0
221 832 2.0
224 889 2.0
227 762 2.0
230 877 2.0
231 825 2.0
245 385 2.0
255 977 2.0
263 550 2.0
264 364 2.0
278 523 2.0
287 427 2.0
288 1062 2.0
293 686 2.0
296 683 2.0
301 856 2.0
301 901 2.0
302 638 2.0
321 737 2.0
322 602 2.0
332 563 2.0
336 606 2.0
343 992 2.0
346 1023 2.0
357 696 2.0
362 667 2.0
386 433 2.0
400 580 2.0
421 899 2.0
428 590 2.0
428 1071 2.0
434 1137 2.0
441 879 2.0
446 1170 2.0
470 1003 2.0
473 930 2.0
488 535 2.0
488 553 2.0
490 708 2.0
496 1165 2.0
501 618 2.0
508 559 2.0
509 600 2.0
529 644 2.0
539 986 2.0
552 1043 2.0
553 554 2.0
555 567 2.0
573 579 2.0
573 1065 2.0
574 1069 2.0
575 1066 2.0
576 774 2.0
592 651 2.0
594 988 2.0
607 609 2.0
613 671 2.0
631 837 2.0
634 637 2.0
635 1205 2.0
636 828 2.0
637 1204 2.0
654 1021 2.0
659 1168 2.0
670 702 2.0
684 1212 2.0
711 1207 2.0
712 1197 2.0
716 1068 2.0
723 1038 2.0
746 1172 2.0
782 1012 2.0
814 877 2.0
818 1056 2.0
844 846 2.0
844 946 2.0
903 904 2.0
965 1088 2.0
1010 1149 2.0
1016 1193 2.0
1049 1077 2.0
1118 1186 2.0
1124 1168 2.0
1160 1164 2.0
1180 1223 2.0
1199 1218 2.0
4 379 3.0
6 692 3.0
10 18 3.0
10 233 3.0
11 747 3.0
12 29 3.0
17 798 3.0
19 22 3.0
21 423 3.0
25 121 3.0
25 265 3.0
29 317 3.0
29 1211 3.0
43 1001 3.0
52 552 3.0
56 1242 3.0
58 922 3.0
61 286 3.0
61 899 3.0
62 742 3.0
71 520 3.0
72 759 3.0
79 951 3.0
83 333 3.0
86 383 3.0
87 487 3.0
89 111 3.0
90 753 3.0
91 594 3.0
91 774 3.0
97 1127 3.0
101 106 3.0
105 345 3.0
110 453 3.0
112 221 3.0
112 538 3.0
117 563 3.0
122 790 3.0
134 1148 3.0
135 188 3.0
135 716 3.0
137 167 3.0
137 654 3.0
139 231 3.0
142 651 3.0
143 740 3.0
144 870 3.0
153 179 3.0
153 1034 3.0
167 657 3.0
168 673 3.0
169 730 3.0
175 495 3.0
179 547 3.0
179 1047 3.0
180 821 3.0
185 741 3.0
187 638 3.0
188 985 3.0
212 227 3.0
218 227 3.0
218 243 3.0
224 905 3.0
232 740 3.0
239 847 3.0
244 247 3.0
246 441 3.0
250 881 3.0
262 921 3.0
263 836 3.0
276 539 3.0
276 840 3.0
278 1075 3.0
288 305 3.0
291 681 3.0
292 386 3.0
292 883 3.0
296 682 3.0
298 834 3.0
301 826 3.0
302 828 3.0
303 1156 3.0
310 830 3.0
331 774 3.0
334 592 3.0
335 909 3.0
336 634 3.0
338 1213 3.0
345 1141 3.0
358 565 3.0
362 525 3.0
362 588 3.0
364 379 3.0
364 591 3.0
365 1012 3.0
371 552 3.0
372 467 3.0
374 845 3.0
385 389 3.0
387 745 3.0
392 844 3.0
400 931 3.0
429 840 3.0
434 1090 3.0
439 1107 3.0
449 772 3.0
460 650 3.0
460 1110 3.0
468 514 3.0
468 517 3.0
472 1097 3.0
480 663 3.0
489 873 3.0
494 1086 3.0
502 918 3.0
503 941 3.0
505 731 3.0
505 1232 3.0
514 1126 3.0
530 1231 3.0
532 615 3.0
532 1237 3.0
534 562 3.0
547 763 3.0
548 1185 3.0
552 1073 3.0
554 1213 3.0
555 566 3.0
565 690 3.0
568 636 3.0
574 840 3.0
582 1216 3.0
602 654 3.0
608 1175 3.0
611 613 3.0
613 1146 3.0
615 617 3.0
635 973 3.0
654 777 3.0
661 665 3.0
686 890 3.0
687 1238 3.0
690 1104 3.0
695 1188 3.0
706 1018 3.0
719 1041 3.0
724 1157 3.0
727 1065 3.0
736 1019 3.0
742 954 3.0
742 973 3.0
804 807 3.0
805 909 3.0
809 811 3.0
809 957 3.0
815 868 3.0
822 1009 3.0
827 855 3.0
845 1133 3.0
846 1204 3.0
862 1201 3.0
871 922 3.0
906 958 3.0
910 912 3.0
913 924 3.0
926 1123 3.0
951 1041 3.0
1008 1214 3.0
1039 1161 3.0
1045 1223 3.0
1070 1116 3.0
1100 1170 3.0
1115 1241 3.0
1116 1151 3.0
1120 654 3.0
1134 1139 3.0
1180 1230 3.0
1186 1207 3.0
1187 1193 3.0
1195 1203 3.0
1 13 4.0
8 577 4.0
11 29 4.0
11 100 4.0
19 614 4.0
25 636 4.0
25 694 4.0
26 656 4.0
27 799 4.0
33 788 4.0
34 102 4.0
34 288 4.0
34 428 4.0
36 557 4.0
38 929 4.0
42 982 4.0
43 411 4.0
44 823 4.0
45 967 4.0
46 548 4.0
51 512 4.0
52 273 4.0
53 1126 4.0
54 474 4.0
58 449 4.0
58 562 4.0
60 339 4.0
63 418 4.0
64 443 4.0
66 897 4.0
69 383 4.0
75 940 4.0
76 199 4.0
81 1103 4.0
83 345 4.0
86 256 4.0
90 576 4.0
91 433 4.0
92 932 4.0
94 706 4.0
94 944 4.0
94 978 4.0
97 188 4.0
100 106 4.0
101 670 4.0
105 534 4.0
105 984 4.0
110 357 4.0
111 350 4.0
111 1047 4.0
114 1044 4.0
117 821 4.0
123 1161 4.0
125 756 4.0
126 449 4.0
128 168 4.0
132 381 4.0
132 611 4.0
135 377 4.0
138 967 4.0
139 1177 4.0
142 145 4.0
143 179 4.0
157 835 4.0
160 835 4.0
168 905 4.0
170 274 4.0
170 621 4.0
177 591 4.0
177 808 4.0
180 324 4.0
184 1018 4.0
187 470 4.0
187 1136 4.0
190 297 4.0
190 389 4.0
191 882 4.0
192 633 4.0
195 527 4.0
198 333 4.0
199 202 4.0
205 828 4.0
208 283 4.0
210 1035 4.0
211 920 4.0
213 305 4.0
214 878 4.0
215 614 4.0
216 253 4.0
224 264 4.0
227 854 4.0
227 1000 4.0
228 790 4.0
230 1078 4.0
236 936 4.0
237 532 4.0
240 623 4.0
242 831 4.0
246 894 4.0
248 437 4.0
254 1035 4.0
256 735 4.0
261 780 4.0
262 737 4.0
264 426 4.0
271 1023 4.0
273 704 4.0
279 942 4.0
280 445 4.0
280 581 4.0
282 292 4.0
284 675 4.0
285 444 4.0
286 1139 4.0
288 589 4.0
289 447 4.0
289 517 4.0
295 811 4.0
299 312 4.0
301 902 4.0
301 938 4.0
304 373 4.0
305 352 4.0
306 777 4.0
310 501 4.0
314 1078 4.0
320 511 4.0
322 556 4.0
322 1099 4.0
341 1036 4.0
346 687 4.0
348 599 4.0
355 614 4.0
356 359 4.0
359 823 4.0
359 970 4.0
367 1212 4.0
369 1234 4.0
374 1179 4.0
379 532 4.0
380 908 4.0
381 505 4.0
386 807 4.0
390 599 4.0
393 960 4.0
401 621 4.0
401 1183 4.0
406 467 4.0
416 1083 4.0
417 648 4.0
431 435 4.0
432 1010 4.0
434 498 4.0
434 853 4.0
438 1236 4.0
440 543 4.0
440 1239 4.0
445 672 4.0
451 621 4.0
451 1184 4.0
452 1131 4.0
453 824 4.0
457 743 4.0
466 845 4.0
479 940 4.0
483 1219 4.0
493 924 4.0
494 552 4.0
499 808 4.0
500 776 4.0
501 792 4.0
506 1218 4.0
509 1151 4.0
509 1222 4.0
511 1049 4.0
515 1231 4.0
519 1219 4.0
525 1141 4.0
527 1177 4.0
530 727 4.0
530 906 4.0
531 841 4.0
551 755 4.0
555 1189 4.0
558 849 4.0
565 957 4.0
567 1111 4.0
568 631 4.0
568 727 4.0
569 1120 4.0
569 1190 4.0
572 638 4.0
572 959 4.0
573 941 4.0
575 1241 4.0
577 818 4.0
578 664 4.0
587 598 4.0
587 1087 4.0
587 1243 4.0
592 1203 4.0
594 1226 4.0
596 622 4.0
603 1072 4.0
609 1108 4.0
610 743 4.0
612 707 4.0
618 1131 4.0
624 694 4.0
641 814 4.0
650 870 4.0
652 907 4.0
655 897 4.0
656 1154 4.0
664 1192 4.0
668 870 4.0
668 872 4.0
669 868 4.0
679 980 4.0
695 1118 4.0
713 1230 4.0
726 852 4.0
726 920 4.0
744 808 4.0
750 903 4.0
752 1105 4.0
759 1028 4.0
760 819 4.0
767 1039 4.0
776 1230 4.0
792 1097 4.0
820 994 4.0
822 1072 4.0
831 854 4.0
834 1194 4.0
839 974 4.0
841 959 4.0
855 971 4.0
868 1142 4.0
895 996 4.0
896 1006 4.0
903 974 4.0
908 1200 4.0
910 968 4.0
912 1097 4.0
918 1170 4.0
959 1029 4.0
973 1226 4.0
976 995 4.0
976 1083 4.0
1000 1138 4.0
1060 1238 4.0
1079 1202 4.0
1087 1148 4.0
1097 334 4.0
1101 1221 4.0
1127 1159 4.0
1174 634 4.0
1175 1182 4.0
1179 1210 4.0
1202 1242 4.0
1236 334 4.0
0 329 5.0
0 1182 5.0
1 254 5.0
5 502 5.0
19 625 5.0
20 362 5.0
23 803 5.0
26 223 5.0
26 724 5.0
31 872 5.0
36 420 5.0
38 67 5.0
39 444 5.0
39 904 5.0
51 183 5.0
54 116 5.0
57 496 5.0
60 910 5.0
61 483 5.0
63 753 5.0
64 1011 5.0
65 384 5.0
66 939 5.0
68 1175 5.0
83 249 5.0
89 710 5.0
92 252 5.0
93 352 5.0
93 691 5.0
104 311 5.0
109 611 5.0
112 719 5.0
114 1147 5.0
116 1011 5.0
122 1220 5.0
126 382 5.0
128 590 5.0
129 751 5.0
130 507 5.0
142 1050 5.0
143 891 5.0
161 785 5.0
162 584 5.0
164 676 5.0
168 465 5.0
172 415 5.0
173 1103 5.0
176 213 5.0
181 962 5.0
182 833 5.0
183 268 5.0
184 423 5.0
189 467 5.0
190 852 5.0
195 1008 5.0
197 1045 5.0
199 1064 5.0
202 587 5.0
205 406 5.0
209 363 5.0
210 913 5.0
210 1210 5.0
214 757 5.0
218 804 5.0
221 325 5.0
236 1114 5.0
237 582 5.0
240 442 5.0
244 268 5.0
245 703 5.0
249 951 5.0
257 682 5.0
266 388 5.0
279 442 5.0
279 610 5.0
282 1118 5.0
286 1009 5.0
295 853 5.0
306 1051 5.0
311 680 5.0
314 369 5.0
317 793 5.0
323 581 5.0
324 728 5.0
332 566 5.0
333 569 5.0
339 1191 5.0
342 655 5.0
347 599 5.0
347 1235 5.0
349 1028 5.0
357 1072 5.0
359 627 5.0
360 522 5.0
360 728 5.0
366 492 5.0
367 395 5.0
374 932 5.0
392 814 5.0
395 1010 5.0
395 1229 5.0
411 420 5.0
412 1055 5.0
420 680 5.0
423 867 5.0
424 1112 5.0
430 511 5.0
432 888 5.0
439 605 5.0
451 566 5.0
454 971 5.0
457 512 5.0
463 1026 5.0
469 499 5.0
475 493 5.0
475 1010 5.0
483 487 5.0
484 975 5.0
493 723 5.0
495 898 5.0
500 652 5.0
506 1123 5.0
509 1242 5.0
524 886 5.0
527 911 5.0
544 789 5.0
545 893 5.0
557 733 5.0
560 1134 5.0
561 987 5.0
585 703 5.0
593 1084 5.0
597 1198 5.0
598 669 5.0
625 1019 5.0
640 668 5.0
640 1083 5.0
643 679 5.0
647 700 5.0
649 1211 5.0
652 834 5.0
653 1104 5.0
655 846 5.0
659 177 5.0
666 1153 5.0
674 1088 5.0
674 1152 5.0
689 950 5.0
692 1141 5.0
702 756 5.0
706 1123 5.0
720 842 5.0
724 960 5.0
733 1108 5.0
738 1090 5.0
749 377 5.0
750 920 5.0
778 869 5.0
802 805 5.0
865 317 5.0
888 1027 5.0
894 574 5.0
904 1101 5.0
938 965 5.0
951 953 5.0
970 1112 5.0
993 1079 5.0
1004 1241 5.0
1014 946 5.0
1014 1140 5.0
1039 1075 5.0
1046 13 5.0
1079 1161 5.0
1117 1200 5.0
1121 1181 5.0
1129 1221 5.0
1138 1176 5.0
1155 1213 5.0
1188 1194 5.0
2 313 6.0
8 736 6.0
9 477 6.0
26 1015 6.0
27 581 6.0
31 250 6.0
33 391 6.0
40 370 6.0
40 1024 6.0
44 510 6.0
44 994 6.0
45 489 6.0
68 745 6.0
69 240 6.0
70 938 6.0
70 989 6.0
73 273 6.0
78 1196 6.0
81 1228 6.0
85 217 6.0
87 1043 6.0
92 485 6.0
96 522 6.0
103 478 6.0
104 855 6.0
104 933 6.0
108 1162 6.0
115 768 6.0
116 1200 6.0
119 736 6.0
124 239 6.0
125 705 6.0
132 699 6.0
158 685 6.0
159 300 6.0
166 240 6.0
169 717 6.0
181 776 6.0
201 375 6.0
201 743 6.0
204 526 6.0
214 1092 6.0
217 286 6.0
219 863 6.0
220 537 6.0
220 664 6.0
221 1076 6.0
222 803 6.0
225 860 6.0
226 1233 6.0
229 234 6.0
238 805 6.0
247 722 6.0
250 370 6.0
256 316 6.0
270 725 6.0
272 298 6.0
273 1164 6.0
275 331 6.0
300 997 6.0
304 878 6.0
312 794 6.0
318 397 6.0
320 485 6.0
329 340 6.0
370 405 6.0
372 850 6.0
391 454 6.0
404 469 6.0
409 459 6.0
411 952 6.0
427 1075 6.0
440 677 6.0
450 956 6.0
457 833 6.0
462 1052 6.0
474 853 6.0
480 604 6.0
485 571 6.0
491 1025 6.0
492 890 6.0
496 538 6.0
506 692 6.0
508 1226 6.0
520 1007 6.0
520 1145 6.0
533 778 6.0
542 677 6.0
542 1013 6.0
544 751 6.0
544 1201 6.0
549 599 6.0
558 1100 6.0
570 940 6.0
583 933 6.0
586 629 6.0
608 1031 6.0
628 760 6.0
628 1108 6.0
639 847 6.0
665 791 6.0
672 705 6.0
678 1220 6.0
682 1227 6.0
729 975 6.0
732 1042 6.0
747 947 6.0
773 947 6.0
784 956 6.0
791 1193 6.0
801 927 6.0
820 213 6.0
847 34 6.0
880 1040 6.0
892 205 6.0
893 968 6.0
919 1002 6.0
928 237 6.0
943 1173 6.0
962 1162 6.0
998 580 6.0
1046 517 6.0
1093 153 6.0
1117 1178 6.0
1201 1222 6.0
2 810 7.0
3 18 7.0
3 71 7.0
15 778 7.0
18 417 7.0
45 529 7.0
47 605 7.0
49 99 7.0
50 490 7.0
54 663 7.0
59 895 7.0
65 615 7.0
65 712 7.0
67 348 7.0
70 688 7.0
71 192 7.0
72 884 7.0
73 1113 7.0
75 398 7.0
75 1058 7.0
80 82 7.0
81 156 7.0
82 397 7.0
95 424 7.0
103 784 7.0
108 300 7.0
108 368 7.0
114 1017 7.0
124 351 7.0
130 1016 7.0
130 1217 7.0
133 204 7.0
147 394 7.0
151 1022 7.0
154 541 7.0
158 1104 7.0
160 961 7.0
165 289 7.0
166 730 7.0
171 74 7.0
175 488 7.0
191 861 7.0
194 955 7.0
201 1006 7.0
204 211 7.0
204 450 7.0
219 801 7.0
219 981 7.0
255 425 7.0
261 299 7.0
261 876 7.0
283 661 7.0
304 755 7.0
318 793 7.0
318 949 7.0
347 935 7.0
353 894 7.0
365 1085 7.0
366 972 7.0
376 803 7.0
378 415 7.0
399 997 7.0
410 874 7.0
422 624 7.0
435 1080 7.0
437 392 7.0
448 504 7.0
455 1152 7.0
463 934 7.0
463 1169 7.0
471 490 7.0
473 126 7.0
533 924 7.0
544 546 7.0
560 1158 7.0
575 782 7.0
596 769 7.0
624 630 7.0
660 730 7.0
665 857 7.0
665 1240 7.0
666 1206 7.0
677 970 7.0
681 1074 7.0
748 983 7.0
759 851 7.0
782 1036 7.0
785 1125 7.0
786 1040 7.0
794 1070 7.0
817 963 7.0
820 1085 7.0
829 902 7.0
829 961 7.0
839 1130 7.0
842 1201 7.0
851 1111 7.0
916 963 7.0
948 1144 7.0
1102 1171 7.0
9 164 8.0
10 155 8.0
14 119 8.0
14 491 8.0
24 206 8.0
24 528 8.0
41 1234 8.0
42 550 8.0
47 1119 8.0
59 460 8.0
75 269 8.0
81 447 8.0
99 691 8.0
130 1075 8.0
140 629 8.0
157 196 8.0
163 648 8.0
207 422 8.0
222 419 8.0
225 990 8.0
226 315 8.0
226 769 8.0
228 859 8.0
267 992 8.0
270 93 8.0
281 1166 8.0
283 787 8.0
307 586 8.0
319 1113 8.0
343 976 8.0
363 36 8.0
368 771 8.0
390 513 8.0
394 419 8.0
407 514 8.0
410 528 8.0
425 626 8.0
459 496 8.0
471 395 8.0
478 1119 8.0
513 917 8.0
632 700 8.0
658 1222 8.0
661 1196 8.0
697 882 8.0
700 980 8.0
720 1080 8.0
732 779 8.0
781 816 8.0
781 873 8.0
783 869 8.0
810 917 8.0
836 625 8.0
862 1143 8.0
864 934 8.0
900 1171 8.0
916 1143 8.0
927 1057 8.0
950 1096 8.0
1022 682 8.0
1032 204 8.0
1052 1208 8.0
1059 1233 8.0
1122 1153 8.0
1144 1164 8.0
1158 1172 8.0
1206 1215 8.0
1206 1235 8.0
7 619 9.0
10 507 9.0
24 388 9.0
47 616 9.0
77 768 9.0
88 117 9.0
98 315 9.0
113 908 9.0
115 408 9.0
115 476 9.0
118 536 9.0
131 975 9.0
147 206 9.0
238 549 9.0
260 1173 9.0
263 518 9.0
277 1031 9.0
281 477 9.0
287 748 9.0
315 407 9.0
351 1082 9.0
361 601 9.0
396 570 9.0
414 1048 9.0
415 698 9.0
425 955 9.0
436 1227 9.0
456 923 9.0
459 739 9.0
462 900 9.0
477 838 9.0
540 564 9.0
543 950 9.0
564 645 9.0
593 1163 9.0
658 701 9.0
662 51 9.0
698 875 9.0
766 1225 9.0
780 1128 9.0
786 857 9.0
838 1103 9.0
1044 429 9.0
1048 829 9.0
16 551 10.0
35 1042 10.0
35 1061 10.0
107 464 10.0
127 748 10.0
127 1033 10.0
140 273 10.0
141 775 10.0
148 679 10.0
149 193 10.0
149 1126 10.0
235 516 10.0
235 1053 10.0
251 1225 10.0
258 1158 10.0
260 981 10.0
309 1144 10.0
378 864 10.0
435 914 10.0
436 948 10.0
456 3 10.0
461 977 10.0
481 173 10.0
518 1125 10.0
595 626 10.0
601 713 10.0
620 785 10.0
718 1053 10.0
729 851 10.0
765 816 10.0
775 879 10.0
795 265 10.0
806 943 10.0
806 1106 10.0
859 1094 10.0
895 986 10.0
919 343 10.0
923 1105 10.0
979 1213 10.0
1005 1053 10.0
1059 1121 10.0
1091 570 10.0
16 378 11.0
17 720 11.0
23 194 11.0
191 766 11.0
251 296 11.0
294 319 11.0
308 1215 11.0
415 715 11.0
448 983 11.0
481 943 11.0
697 1024 11.0
718 1063 11.0
797 315 11.0
848 881 11.0
915 1089 11.0
969 24 11.0
1074 1066 11.0
1091 1167 11.0
55 714 12.0
107 1053 12.0
146 765 12.0
147 312 12.0
234 482 12.0
409 999 12.0
464 863 12.0
486 1181 12.0
622 1209 12.0
84 290 13.0
136 368 13.0
482 643 13.0
619 999 13.0
964 363 13.0
258 937 14.0
260 887 14.0
714 1089 14.0
1089 997 14.0
1208 410 15.0
150 17 16.0
241 149 16.0
259 1030 16.0
328 541 17.0
354 806 18.0
779 431 18.0
413 885 19.0
758 764 19.0
327 448 20.0
55 866 21.0
328 1209 21.0
1109 259 21.0
497 851 22.0
326 413 23.0
758 900 24.0
1132 513 25.0
28 768 26.0
403 1024 27.0
200 146 29.0
344 1067 29.0
991 915 34.0
203 156 40.0
48 541 43.0
645 327 44.0
885 764 52.0
344 326 104.0
337 344 136.0
