16 1451 1.0
35 353 1.0
36 569 1.0
40 1412 1.0
50 1392 1.0
63 1108 1.0
85 212 1.0
101 971 1.0
129 198 1.0
145 1467 1.0
154 1105 1.0
173 864 1.0
208 1016 1.0
253 528 1.0
341 933 1.0
359 455 1.0
499 501 1.0
520 524 1.0
635 1443 1.0
649 1416 1.0
673 675 1.0
676 1428 1.0
809 876 1.0
826 828 1.0
1016 1017 1.0
1039 1265 1.0
1044 1046 1.0
1154 1158 1.0
1159 1414 1.0
1180 1308 1.0
1326 1327 1.0
1447 1449 1.0
5 642 2.0
23 1088 2.0
24 30 2.0
47 1196 2.0
55 173 2.0
67 1039 2.0
70 196 2.0
73 1230 2.0
81 735 2.0
83 1151 2.0
88 456 2.0
137 543 2.0
156 254 2.0
163 448 2.0
172 1332 2.0
240 921 2.0
243 319 2.0
279 563 2.0
301 335 2.0
327 1227 2.0
330 858 2.0
350 826 2.0
355 883 2.0
355 1189 2.0
375 1172 2.0
383 1020 2.0
396 430 2.0
397 1069 2.0
409 1091 2.0
473 904 2.0
473 1479 2.0
475 565 2.0
514 545 2.0
540 1120 2.0
558 1127 2.0
564 673 2.0
598 697 2.0
635 816 2.0
654 728 2.0
687 802 2.0
708 1299 2.0
734 1232 2.0
750 1337 2.0
810 894 2.0
812 1198 2.0
883 1173 2.0
974 1297 2.0
1001 1090 2.0
1036 1133 2.0
1060 1370 2.0
1130 1263 2.0
1138 1364 2.0
1183 1397 2.0
1184 1431 2.0
1190 1274 2.0
1242 1335 2.0
1301 1302 2.0
1375 1428 2.0
1388 1477 2.0
6 623 3.0
17 658 3.0
24 54 3.0
25 1272 3.0
29 40 3.0
31 392 3.0
36 160 3.0
46 702 3.0
52 703 3.0
56 936 3.0
63 88 3.0
71 1156 3.0
81 875 3.0
89 1056 3.0
112 1055 3.0
118 1312 3.0
120 1380 3.0
128 260 3.0
132 896 3.0
137 146 3.0
142 1234 3.0
143 959 3.0
151 654 3.0
153 1079 3.0
154 654 3.0
156 604 3.0
156 1375 3.0
158 742 3.0
172 617 3.0
181 624 3.0
185 838 3.0
193 917 3.0
193 1259 3.0
242 813 3.0
257 457 3.0
264 268 3.0
268 710 3.0
269 812 3.0
276 379 3.0
283 1482 3.0
284 563 3.0
286 611 3.0
316 753 3.0
317 376 3.0
341 813 3.0
342 444 3.0
343 1106 3.0
347 1340 3.0
354 1214 3.0
355 464 3.0
372 1384 3.0
379 821 3.0
383 1266 3.0
387 423 3.0
417 750 3.0
417 1372 3.0
422 1012 3.0
437 849 3.0
452 761 3.0
452 892 3.0
461 1216 3.0
470 924 3.0
510 912 3.0
514 1064 3.0
518 540 3.0
529 892 3.0
551 823 3.0
558 1279 3.0
571 1040 3.0
582 929 3.0
584 1081 3.0
603 1376 3.0
606 1254 3.0
609 730 3.0
611 1258 3.0
616 780 3.0
634 1294 3.0
639 831 3.0
651 754 3.0
654 867 3.0
669 710 3.0
672 775 3.0
673 1156 3.0
696 1264 3.0
699 759 3.0
714 912 3.0
716 916 3.0
717 1367 3.0
745 1313 3.0
752 1291 3.0
770 1140 3.0
772 1020 3.0
807 1230 3.0
814 1061 3.0
818 873 3.0
825 861 3.0
845 1139 3.0
881 1220 3.0
889 1443 3.0
892 894 3.0
892 1003 3.0
914 1348 3.0
925 1103 3.0
929 939 3.0
934 936 3.0
949 1315 3.0
954 956 3.0
966 1316 3.0
966 1394 3.0
1001 1254 3.0
1084 1212 3.0
1084 1258 3.0
1121 1334 3.0
1140 1159 3.0
1189 1266 3.0
1198 1212 3.0
1222 1424 3.0
1270 1452 3.0
1339 1377 3.0
0 1424 4.0
7 527 4.0
7 549 4.0
7 1015 4.0
12 406 4.0
14 719 4.0
16 1113 4.0
18 324 4.0
24 350 4.0
33 507 4.0
37 476 4.0
38 464 4.0
39 1171 4.0
41 359 4.0
45 1232 4.0
49 844 4.0
51 422 4.0
51 912 4.0
56 96 4.0
56 793 4.0
62 1384 4.0
63 351 4.0
64 845 4.0
67 871 4.0
71 1136 4.0
73 670 4.0
73 1470 4.0
74 77 4.0
77 1306 4.0
85 463 4.0
85 909 4.0
86 783 4.0
87 624 4.0
87 1149 4.0
93 629 4.0
96 228 4.0
97 980 4.0
106 710 4.0
111 1209 4.0
113 1010 4.0
118 513 4.0
118 1014 4.0
122 853 4.0
126 244 4.0
127 916 4.0
129 421 4.0
131 830 4.0
132 1141 4.0
135 521 4.0
142 727 4.0
142 1209 4.0
142 1386 4.0
147 1415 4.0
162 459 4.0
164 188 4.0
178 731 4.0
179 205 4.0
194 798 4.0
202 784 4.0
207 872 4.0
219 398 4.0
233 440 4.0
250 584 4.0
257 1314 4.0
269 847 4.0
274 725 4.0
276 735 4.0
276 992 4.0
283 777 4.0
286 853 4.0
292 693 4.0
293 946 4.0
300 849 4.0
301 748 4.0
301 1443 4.0
304 390 4.0
306 949 4.0
313 1216 4.0
323 868 4.0
327 401 4.0
333 1433 4.0
335 1190 4.0
340 1017 4.0
342 1168 4.0
348 569 4.0
352 992 4.0
357 594 4.0
357 742 4.0
364 889 4.0
364 1159 4.0
367 983 4.0
371 784 4.0
379 775 4.0
386 1239 4.0
389 617 4.0
389 677 4.0
389 1138 4.0
402 813 4.0
402 1184 4.0
413 1089 4.0
418 930 4.0
440 850 4.0
446 571 4.0
454 822 4.0
458 1157 4.0
461 1025 4.0
463 1247 4.0
466 822 4.0
471 675 4.0
492 943 4.0
499 524 4.0
505 894 4.0
513 1290 4.0
514 645 4.0
526 1333 4.0
527 749 4.0
527 1103 4.0
532 631 4.0
543 914 4.0
551 1292 4.0
558 616 4.0
560 991 4.0
560 1366 4.0
562 641 4.0
563 956 4.0
573 1457 4.0
604 1008 4.0
610 1096 4.0
610 1301 4.0
610 1441 4.0
616 1424 4.0
620 1424 4.0
640 1246 4.0
645 964 4.0
670 750 4.0
671 1242 4.0
671 1439 4.0
677 867 4.0
683 1448 4.0
691 1281 4.0
702 1143 4.0
714 739 4.0
715 873 4.0
719 1172 4.0
734 1087 4.0
740 1348 4.0
743 1150 4.0
750 1263 4.0
759 1325 4.0
769 784 4.0
771 1306 4.0
773 1347 4.0
817 1179 4.0
830 1326 4.0
849 875 4.0
885 1266 4.0
885 1346 4.0
897 1308 4.0
915 1124 4.0
931 1300 4.0
933 1361 4.0
942 1030 4.0
964 986 4.0
966 1458 4.0
996 1222 4.0
1009 1295 4.0
1023 1301 4.0
1059 1391 4.0
1075 1300 4.0
1094 1301 4.0
1102 1396 4.0
1197 1247 4.0
1234 1423 4.0
1259 1466 4.0
1385 1470 4.0
1456 1466 4.0
7 1120 5.0
13 798 5.0
14 300 5.0
15 843 5.0
16 954 5.0
17 588 5.0
22 949 5.0
26 800 5.0
27 1347 5.0
33 823 5.0
33 1354 5.0
35 321 5.0
40 1123 5.0
45 1079 5.0
46 682 5.0
49 1184 5.0
51 1035 5.0
53 540 5.0
55 1380 5.0
60 1255 5.0
61 575 5.0
68 1091 5.0
72 632 5.0
72 1095 5.0
77 231 5.0
79 426 5.0
79 1128 5.0
86 1376 5.0
88 411 5.0
88 1142 5.0
94 275 5.0
104 1386 5.0
113 763 5.0
117 978 5.0
117 1481 5.0
126 657 5.0
126 733 5.0
130 1096 5.0
134 1060 5.0
135 1002 5.0
139 1111 5.0
141 604 5.0
143 782 5.0
146 231 5.0
147 1339 5.0
149 397 5.0
150 745 5.0
158 250 5.0
159 461 5.0
160 1007 5.0
163 1383 5.0
164 1287 5.0
170 1432 5.0
173 519 5.0
174 925 5.0
177 1323 5.0
180 332 5.0
180 600 5.0
182 801 5.0
184 1359 5.0
189 1481 5.0
197 294 5.0
204 1168 5.0
208 413 5.0
208 1460 5.0
211 1380 5.0
227 838 5.0
229 1288 5.0
233 965 5.0
247 289 5.0
250 1382 5.0
257 264 5.0
259 449 5.0
259 1252 5.0
263 622 5.0
275 969 5.0
275 1047 5.0
277 433 5.0
280 418 5.0
282 1244 5.0
291 893 5.0
294 908 5.0
295 629 5.0
310 1051 5.0
313 1042 5.0
325 484 5.0
327 1244 5.0
328 490 5.0
343 879 5.0
347 409 5.0
354 393 5.0
360 1161 5.0
365 1226 5.0
367 604 5.0
368 1400 5.0
372 434 5.0
373 1238 5.0
374 477 5.0
392 1100 5.0
397 504 5.0
400 600 5.0
404 602 5.0
406 1143 5.0
408 465 5.0
415 1159 5.0
418 1007 5.0
430 983 5.0
445 718 5.0
451 514 5.0
466 831 5.0
469 1257 5.0
472 641 5.0
473 755 5.0
473 818 5.0
478 737 5.0
479 754 5.0
488 556 5.0
498 536 5.0
509 1404 5.0
514 1382 5.0
515 853 5.0
516 965 5.0
516 1177 5.0
521 780 5.0
521 1188 5.0
528 531 5.0
533 646 5.0
535 666 5.0
537 974 5.0
541 1228 5.0
556 723 5.0
561 1321 5.0
575 1047 5.0
587 1371 5.0
596 823 5.0
598 671 5.0
602 887 5.0
606 1170 5.0
607 948 5.0
619 1438 5.0
627 942 5.0
648 1095 5.0
652 1002 5.0
652 1055 5.0
657 1312 5.0
661 1211 5.0
662 750 5.0
667 1214 5.0
692 1447 5.0
701 1130 5.0
708 750 5.0
708 1092 5.0
713 1083 5.0
716 955 5.0
722 916 5.0
735 670 5.0
748 1417 5.0
751 1318 5.0
755 1035 5.0
762 1168 5.0
771 1064 5.0
774 833 5.0
786 1408 5.0
795 1381 5.0
807 676 5.0
814 1319 5.0
833 1028 5.0
847 1129 5.0
864 1129 5.0
866 1238 5.0
874 1421 5.0
888 1414 5.0
890 1342 5.0
917 1323 5.0
930 968 5.0
942 1360 5.0
946 1385 5.0
968 1470 5.0
974 1309 5.0
983 1188 5.0
986 993 5.0
1000 1465 5.0
1020 1029 5.0
1053 1158 5.0
1054 1289 5.0
1063 1447 5.0
1094 1258 5.0
1094 1291 5.0
1100 1427 5.0
1103 1338 5.0
1113 1265 5.0
1135 1224 5.0
1136 1476 5.0
1169 1347 5.0
1261 1448 5.0
1296 1454 5.0
1316 1395 5.0
1324 1478 5.0
1336 1440 5.0
1338 1355 5.0
1378 1482 5.0
1469 156 5.0
0 371 6.0
2 671 6.0
3 1080 6.0
12 82 6.0
13 1146 6.0
14 54 6.0
16 951 6.0
22 801 6.0
29 1137 6.0
32 1114 6.0
32 1445 6.0
36 48 6.0
38 554 6.0
39 1219 6.0
39 1419 6.0
44 1233 6.0
47 347 6.0
49 488 6.0
59 357 6.0
59 1007 6.0
61 81 6.0
61 219 6.0
64 393 6.0
67 277 6.0
69 339 6.0
74 212 6.0
80 544 6.0
83 594 6.0
83 730 6.0
87 386 6.0
89 443 6.0
93 1036 6.0
94 700 6.0
95 896 6.0
99 272 6.0
102 580 6.0
103 180 6.0
105 378 6.0
113 821 6.0
114 498 6.0
114 947 6.0
125 336 6.0
128 866 6.0
130 1171 6.0
133 299 6.0
134 854 6.0
157 829 6.0
162 660 6.0
163 385 6.0
165 383 6.0
165 639 6.0
167 1472 6.0
181 327 6.0
188 1304 6.0
203 1384 6.0
207 316 6.0
214 372 6.0
214 1363 6.0
217 1273 6.0
225 1100 6.0
235 1077 6.0
239 489 6.0
239 1434 6.0
240 1143 6.0
241 827 6.0
242 394 6.0
248 799 6.0
253 1233 6.0
255 346 6.0
256 412 6.0
271 1387 6.0
271 1417 6.0
278 831 6.0
280 878 6.0
280 1046 6.0
282 1121 6.0
284 450 6.0
289 1156 6.0
303 1097 6.0
304 532 6.0
304 918 6.0
307 433 6.0
310 703 6.0
313 505 6.0
314 1226 6.0
324 859 6.0
325 719 6.0
329 416 6.0
332 763 6.0
339 712 6.0
352 1027 6.0
354 445 6.0
366 369 6.0
370 675 6.0
371 1357 6.0
377 729 6.0
382 448 6.0
396 795 6.0
402 1186 6.0
415 630 6.0
418 897 6.0
433 1062 6.0
438 920 6.0
438 940 6.0
438 999 6.0
441 469 6.0
457 1364 6.0
469 529 6.0
474 1244 6.0
479 254 6.0
484 1437 6.0
494 1466 6.0
495 955 6.0
504 1474 6.0
513 683 6.0
522 1361 6.0
546 1144 6.0
548 658 6.0
550 608 6.0
550 768 6.0
553 1202 6.0
564 1332 6.0
571 1282 6.0
572 955 6.0
581 1354 6.0
585 696 6.0
590 1364 6.0
601 1366 6.0
621 1197 6.0
638 988 6.0
644 921 6.0
663 788 6.0
668 699 6.0
674 852 6.0
698 995 6.0
700 984 6.0
717 753 6.0
724 770 6.0
729 1197 6.0
753 1240 6.0
769 1191 6.0
773 1475 6.0
776 820 6.0
790 944 6.0
793 1176 6.0
796 901 6.0
799 1066 6.0
803 1378 6.0
808 947 6.0
815 877 6.0
815 1163 6.0
820 1330 6.0
828 915 6.0
829 1073 6.0
850 1305 6.0
851 1011 6.0
876 1178 6.0
886 1444 6.0
901 991 6.0
907 1041 6.0
920 1072 6.0
938 943 6.0
950 1381 6.0
958 1480 6.0
963 1221 6.0
963 1281 6.0
989 1058 6.0
993 1004 6.0
997 1287 6.0
1009 1076 6.0
1018 1234 6.0
1022 71 6.0
1038 672 6.0
1047 1275 6.0
1054 1405 6.0
1057 1231 6.0
1085 1340 6.0
1090 1129 6.0
1099 1437 6.0
1125 1249 6.0
1148 1192 6.0
1154 1275 6.0
1155 1161 6.0
1164 1344 6.0
1169 1430 6.0
1187 1289 6.0
1210 1276 6.0
1218 1268 6.0
1247 1270 6.0
1390 755 6.0
2 1295 7.0
9 945 7.0
10 237 7.0
11 1050 7.0
15 1389 7.0
17 462 7.0
25 444 7.0
25 566 7.0
28 214 7.0
28 1269 7.0
31 981 7.0
31 1208 7.0
33 1229 7.0
42 321 7.0
52 640 7.0
57 409 7.0
57 1074 7.0
65 945 7.0
68 326 7.0
70 923 7.0
76 317 7.0
76 1152 7.0
80 686 7.0
89 387 7.0
99 1203 7.0
103 140 7.0
107 285 7.0
110 1169 7.0
115 1036 7.0
120 684 7.0
125 840 7.0
125 1383 7.0
125 1395 7.0
134 1253 7.0
147 614 7.0
159 1137 7.0
162 232 7.0
170 985 7.0
171 579 7.0
175 1166 7.0
180 1416 7.0
182 1415 7.0
193 1086 7.0
203 278 7.0
211 987 7.0
213 941 7.0
220 990 7.0
236 1111 7.0
238 1236 7.0
239 943 7.0
239 1046 7.0
244 363 7.0
249 481 7.0
251 1280 7.0
253 1122 7.0
261 1223 7.0
270 1118 7.0
272 1313 7.0
283 523 7.0
295 1207 7.0
299 1388 7.0
302 1449 7.0
303 790 7.0
307 643 7.0
311 435 7.0
315 638 7.0
315 834 7.0
319 502 7.0
320 375 7.0
322 1235 7.0
326 376 7.0
337 777 7.0
344 715 7.0
349 574 7.0
353 895 7.0
360 487 7.0
363 532 7.0
370 748 7.0
374 967 7.0
395 893 7.0
406 1054 7.0
415 1366 7.0
419 896 7.0
420 766 7.0
421 450 7.0
434 558 7.0
435 1021 7.0
436 1133 7.0
439 453 7.0
459 646 7.0
472 582 7.0
476 1400 7.0
482 792 7.0
487 1326 7.0
496 1160 7.0
497 1342 7.0
497 1445 7.0
499 1036 7.0
502 891 7.0
502 1393 7.0
511 540 7.0
525 887 7.0
534 782 7.0
539 722 7.0
542 1123 7.0
554 1444 7.0
557 1402 7.0
579 998 7.0
580 1125 7.0
585 1367 7.0
589 1116 7.0
597 785 7.0
602 697 7.0
602 1388 7.0
615 1277 7.0
621 1125 7.0
631 973 7.0
634 1425 7.0
644 720 7.0
655 726 7.0
690 1392 7.0
696 860 7.0
705 1111 7.0
721 1117 7.0
721 1442 7.0
730 794 7.0
738 928 7.0
759 1080 7.0
769 1200 7.0
783 1363 7.0
786 1040 7.0
836 1200 7.0
836 1272 7.0
844 1464 7.0
845 1237 7.0
856 1363 7.0
859 893 7.0
879 888 7.0
886 551 7.0
890 1183 7.0
891 1194 7.0
898 1131 7.0
919 1099 7.0
924 269 7.0
927 1177 7.0
952 1040 7.0
975 1373 7.0
977 1195 7.0
1033 1165 7.0
1034 1386 7.0
1051 909 7.0
1056 1155 7.0
1062 1262 7.0
1078 1144 7.0
1112 1176 7.0
1114 1125 7.0
1147 51 7.0
1148 1300 7.0
1185 1407 7.0
1206 1350 7.0
1313 1454 7.0
1317 456 7.0
1328 1392 7.0
1365 1476 7.0
1462 463 7.0
6 200 8.0
8 483 8.0
8 1176 8.0
9 128 8.0
17 492 8.0
19 978 8.0
23 858 8.0
25 391 8.0
45 1175 8.0
60 1273 8.0
64 1001 8.0
68 30 8.0
70 99 8.0
75 284 8.0
75 1271 8.0
78 385 8.0
80 1256 8.0
84 89 8.0
91 817 8.0
91 891 8.0
92 779 8.0
93 309 8.0
94 366 8.0
97 665 8.0
97 935 8.0
98 228 8.0
98 819 8.0
101 125 8.0
111 1072 8.0
114 587 8.0
121 791 8.0
122 447 8.0
123 743 8.0
127 973 8.0
136 310 8.0
138 1403 8.0
145 467 8.0
147 725 8.0
148 238 8.0
155 832 8.0
161 733 8.0
171 1149 8.0
183 1283 8.0
186 1174 8.0
190 1122 8.0
202 817 8.0
205 227 8.0
209 402 8.0
210 647 8.0
210 696 8.0
221 243 8.0
222 555 8.0
224 282 8.0
224 1193 8.0
230 290 8.0
236 369 8.0
251 1104 8.0
255 957 8.0
256 567 8.0
297 606 8.0
303 1255 8.0
303 1296 8.0
308 1231 8.0
311 744 8.0
315 1282 8.0
337 1043 8.0
356 1358 8.0
358 407 8.0
373 1168 8.0
394 1110 8.0
410 496 8.0
423 1118 8.0
425 658 8.0
426 1238 8.0
427 487 8.0
432 953 8.0
436 1245 8.0
438 1055 8.0
446 760 8.0
450 570 8.0
462 744 8.0
480 595 8.0
487 687 8.0
494 1110 8.0
495 1330 8.0
526 762 8.0
536 764 8.0
541 712 8.0
568 637 8.0
573 1370 8.0
576 827 8.0
614 284 8.0
626 982 8.0
636 1058 8.0
660 851 8.0
661 1231 8.0
683 882 8.0
694 1097 8.0
720 1341 8.0
751 781 8.0
754 977 8.0
757 1079 8.0
765 1202 8.0
779 1399 8.0
781 843 8.0
781 1045 8.0
789 1287 8.0
790 1166 8.0
798 1028 8.0
798 1032 8.0
833 1071 8.0
834 1320 8.0
837 1417 8.0
841 1368 8.0
841 1481 8.0
842 994 8.0
857 1105 8.0
862 1128 8.0
863 24 8.0
870 1369 8.0
898 1260 8.0
898 1425 8.0
899 929 8.0
927 1476 8.0
960 990 8.0
960 1141 8.0
976 1206 8.0
995 1371 8.0
1005 1397 8.0
1013 1411 8.0
1021 1135 8.0
1045 1298 8.0
1058 1280 8.0
1059 671 8.0
1060 1288 8.0
1077 1430 8.0
1083 1444 8.0
1093 1286 8.0
1225 1254 8.0
1225 1455 8.0
1237 1310 8.0
1276 1432 8.0
1286 1356 8.0
1308 1349 8.0
1403 275 8.0
5 685 9.0
8 1460 9.0
11 882 9.0
18 204 9.0
18 1374 9.0
21 167 9.0
26 424 9.0
26 1393 9.0
40 648 9.0
43 1343 9.0
50 874 9.0
57 222 9.0
66 618 9.0
72 1102 9.0
80 356 9.0
90 420 9.0
90 1436 9.0
103 605 9.0
105 961 9.0
108 290 9.0
116 230 9.0
117 900 9.0
124 530 9.0
124 1204 9.0
133 159 9.0
140 1166 9.0
163 302 9.0
167 374 9.0
168 425 9.0
169 398 9.0
190 846 9.0
201 1276 9.0
205 841 9.0
213 995 9.0
215 1005 9.0
218 1132 9.0
225 1413 9.0
234 910 9.0
252 465 9.0
256 306 9.0
266 682 9.0
267 694 9.0
294 1321 9.0
296 865 9.0
302 541 9.0
311 711 9.0
312 1146 9.0
320 1446 9.0
324 538 9.0
329 362 9.0
333 504 9.0
333 974 9.0
337 591 9.0
365 1221 9.0
384 1134 9.0
390 741 9.0
408 595 9.0
420 686 9.0
425 455 9.0
444 970 9.0
474 1033 9.0
477 1245 9.0
480 1067 9.0
490 962 9.0
491 678 9.0
500 503 9.0
512 1040 9.0
525 45 9.0
530 1164 9.0
534 934 9.0
542 1052 9.0
576 1024 9.0
579 1055 9.0
591 1402 9.0
592 907 9.0
592 1024 9.0
599 1324 9.0
623 1134 9.0
627 1358 9.0
641 1132 9.0
650 1286 9.0
653 760 9.0
659 1405 9.0
666 386 9.0
667 1465 9.0
678 835 9.0
678 1459 9.0
695 236 9.0
706 1021 9.0
709 783 9.0
736 846 9.0
736 1240 9.0
797 1024 9.0
797 1148 9.0
799 1098 9.0
803 902 9.0
815 904 9.0
815 1181 9.0
820 1395 9.0
825 1183 9.0
833 1117 9.0
858 1073 9.0
868 882 9.0
868 1049 9.0
902 1471 9.0
923 1322 9.0
942 1068 9.0
958 955 9.0
962 1255 9.0
972 1436 9.0
981 1174 9.0
1134 1293 9.0
1150 873 9.0
1215 1320 9.0
1226 1261 9.0
1228 1408 9.0
1248 847 9.0
1305 1429 9.0
1322 934 9.0
1473 207 9.0
21 899 10.0
27 1034 10.0
35 778 10.0
37 693 10.0
41 1251 10.0
44 890 10.0
76 414 10.0
99 989 10.0
100 191 10.0
105 656 10.0
119 533 10.0
123 238 10.0
144 1208 10.0
152 216 10.0
157 1107 10.0
186 1270 10.0
189 210 10.0
195 1298 10.0
206 553 10.0
216 1031 10.0
227 1294 10.0
245 453 10.0
259 881 10.0
260 1343 10.0
262 726 10.0
266 653 10.0
273 906 10.0
281 1115 10.0
290 490 10.0
308 501 10.0
322 1379 10.0
329 516 10.0
338 884 10.0
345 718 10.0
368 613 10.0
384 1024 10.0
388 1468 10.0
395 619 10.0
399 682 10.0
416 458 10.0
428 526 10.0
428 553 10.0
460 937 10.0
490 568 10.0
550 1052 10.0
559 942 10.0
562 1317 10.0
565 835 10.0
578 370 10.0
589 344 10.0
625 1283 10.0
664 1148 10.0
731 971 10.0
781 834 10.0
824 1471 10.0
861 870 10.0
884 1134 10.0
902 1298 10.0
923 1411 10.0
928 1269 10.0
982 1205 10.0
1071 527 10.0
1153 1215 10.0
1210 1307 10.0
1284 1294 10.0
1418 783 10.0
1435 936 10.0
1453 1214 10.0
19 107 11.0
20 136 11.0
20 1420 11.0
23 824 11.0
37 583 11.0
78 674 11.0
98 721 11.0
116 1098 11.0
119 331 11.0
145 1022 11.0
148 1478 11.0
155 1067 11.0
161 1031 11.0
183 711 11.0
187 1125 11.0
191 39 11.0
197 544 11.0
223 884 11.0
223 961 11.0
241 1160 11.0
248 663 11.0
252 358 11.0
258 1422 11.0
334 425 11.0
362 587 11.0
384 680 11.0
399 1061 11.0
449 496 11.0
449 688 11.0
482 626 11.0
493 663 11.0
546 1458 11.0
547 665 11.0
552 1426 11.0
589 1356 11.0
607 1170 11.0
612 131 11.0
655 1174 11.0
689 1199 11.0
689 1422 11.0
705 985 11.0
732 1076 11.0
774 1267 11.0
806 1256 11.0
811 1049 11.0
848 1118 11.0
880 377 11.0
895 905 11.0
905 484 11.0
1165 1344 11.0
1252 1352 11.0
1277 1358 11.0
1329 1346 11.0
1345 1402 11.0
1409 1300 11.0
1468 1400 11.0
1474 1325 11.0
1 1377 12.0
43 1409 12.0
110 318 12.0
144 1463 12.0
166 689 12.0
217 547 12.0
223 1217 12.0
246 395 12.0
266 346 12.0
273 726 12.0
297 478 12.0
322 767 12.0
330 1026 12.0
491 1182 12.0
500 982 12.0
509 386 12.0
577 535 12.0
622 1436 12.0
656 1037 12.0
681 548 12.0
689 805 12.0
707 746 12.0
756 1145 12.0
767 1304 12.0
851 1311 12.0
862 1379 12.0
906 1068 12.0
913 1262 12.0
960 825 12.0
975 1147 12.0
1043 1185 12.0
1145 1413 12.0
1185 1217 12.0
1243 438 12.0
1352 1440 12.0
176 312 13.0
187 1082 13.0
192 1056 13.0
201 593 13.0
216 633 13.0
245 1082 13.0
258 538 13.0
270 1146 13.0
388 179 13.0
403 485 13.0
506 1401 13.0
506 1480 13.0
704 1250 13.0
705 737 13.0
707 787 13.0
787 220 13.0
792 1273 13.0
804 843 13.0
839 1220 13.0
932 1204 13.0
1218 567 13.0
1341 494 13.0
1352 1362 13.0
10 726 14.0
34 808 14.0
66 967 14.0
109 166 14.0
199 1145 14.0
281 380 14.0
288 773 14.0
349 1060 14.0
358 1070 14.0
407 1440 14.0
429 1336 14.0
439 758 14.0
481 517 14.0
559 436 14.0
574 1350 14.0
586 979 14.0
612 1019 14.0
685 1048 14.0
842 1344 14.0
876 270 14.0
1201 75 14.0
1392 757 14.0
4 802 15.0
108 1285 15.0
157 226 15.0
184 723 15.0
261 329 15.0
381 732 15.0
405 941 15.0
442 1427 15.0
586 791 15.0
1037 1398 15.0
1065 1252 15.0
1115 743 15.0
1153 1167 15.0
1162 1096 15.0
1268 732 15.0
1303 1073 15.0
1351 871 15.0
1450 573 15.0
58 691 16.0
298 1167 16.0
305 309 16.0
345 1109 16.0
485 873 16.0
552 855 16.0
628 809 16.0
679 880 16.0
747 358 16.0
791 612 16.0
1048 42 16.0
1278 1286 16.0
1406 907 16.0
184 1119 17.0
237 903 17.0
288 1311 17.0
361 134 17.0
468 164 17.0
926 971 17.0
953 144 17.0
1006 764 17.0
1101 1062 17.0
34 1126 18.0
855 937 18.0
976 1078 18.0
1410 1440 18.0
109 234 19.0
287 612 19.0
431 749 19.0
785 1208 19.0
1353 613 19.0
922 1399 20.0
1331 1401 20.0
1399 46 20.0
486 1373 21.0
704 855 21.0
249 1236 22.0
265 1218 22.0
265 1253 22.0
552 1126 23.0
475 1098 24.0
599 1067 24.0
1461 252 25.0
704 1241 26.0
911 656 26.0
380 3 27.0
481 869 27.0
1213 979 27.0
508 747 29.0
1250 491 32.0
865 747 33.0
